/*--------------------------------*- C++ -*----------------------------------*\
  =========                 |
  \\      /  F ield         | OpenFOAM: The Open Source CFD Toolbox
   \\    /   O peration     | Website:  https://openfoam.org
    \\  /    A nd           | Version:  7
     \\/     M anipulation  |
\*---------------------------------------------------------------------------*/
FoamFile
{
    version     2.0;
    format      ascii;
    class       volVectorField;
    location    "100";
    object      U;
}
// * * * * * * * * * * * * * * * * * * * * * * * * * * * * * * * * * * * * * //

dimensions      [0 1 -1 0 0 0 0];

internalField   nonuniform List<vector> 
2000
(
(0.0125865 -0.00461701 1.05827e-19)
(0.0727494 -0.026998 0)
(0.160904 -0.0453399 2.0038e-19)
(0.262848 -0.0602139 8.71321e-20)
(0.370442 -0.0712807 -1.6694e-19)
(0.478589 -0.0781904 -2.1385e-19)
(0.58396 -0.0809845 6.71773e-20)
(0.684717 -0.0795349 0)
(0.77967 -0.0740639 -5.29043e-20)
(0.866982 -0.0697836 0)
(0.0249941 -0.0116304 -5.31106e-20)
(0.109151 -0.0413726 5.13563e-20)
(0.219994 -0.0610352 -2.17354e-19)
(0.341927 -0.074113 -2.84673e-19)
(0.466188 -0.0817957 -4.3795e-21)
(0.587548 -0.0847152 6.77641e-20)
(0.702847 -0.0836862 -7.03091e-20)
(0.810583 -0.0793521 -5.85529e-20)
(0.909508 -0.073441 5.12737e-20)
(0.996211 -0.0715384 8.94521e-20)
(0.0405739 -0.0181059 5.56835e-20)
(0.152435 -0.0534946 -6.44957e-20)
(0.287252 -0.0726389 1.06098e-19)
(0.428633 -0.0822944 -4.97365e-21)
(0.567611 -0.0853199 8.3213e-20)
(0.699134 -0.0833379 7.33254e-20)
(0.820397 -0.0778486 6.46032e-20)
(0.930256 -0.0700007 5.69811e-20)
(1.02788 -0.0617751 5.11561e-20)
(1.1107 -0.0577377 -4.58128e-20)
(0.0592344 -0.0233505 -2.86313e-21)
(0.201947 -0.0617518 -6.74119e-20)
(0.361262 -0.0780777 0)
(0.520815 -0.0825159 9.1185e-20)
(0.672035 -0.0796072 -9.05317e-20)
(0.810538 -0.0718813 0)
(0.934286 -0.0613733 0)
(1.04286 -0.0494977 0)
(1.13627 -0.0380857 -5.011e-20)
(1.21323 -0.0308745 8.24489e-20)
(0.0807128 -0.0266874 1.26786e-19)
(0.256619 -0.0646821 -2.4222e-21)
(0.440116 -0.0756388 5.88149e-20)
(0.615882 -0.0731546 4.79064e-20)
(0.77647 -0.0633408 4.41962e-20)
(0.918701 -0.0494858 3.79548e-20)
(1.04172 -0.0339942 0)
(1.14616 -0.0183936 2.76608e-20)
(1.23312 -0.00427545 -1.15736e-19)
(1.30273 0.00536728 1.5153e-19)
(0.10456 -0.0274897 -1.94788e-19)
(0.314983 -0.0610659 4.89027e-21)
(0.521471 -0.0640712 -1.13996e-19)
(0.710894 -0.0532458 1.03341e-19)
(0.877696 -0.0360112 -1.26363e-19)
(1.02042 -0.0161796 4.16794e-20)
(1.13976 0.00368885 0)
(1.23761 0.0221202 -2.72674e-20)
(1.31622 0.0378514 2.33497e-20)
(1.37713 0.048658 6.86806e-20)
(0.13014 -0.0252181 0)
(0.375231 -0.0500044 0)
(0.602675 -0.0426517 -5.61157e-20)
(0.802738 -0.0224947 5.29945e-20)
(0.972494 0.00215234 -4.06015e-20)
(1.11267 0.0272763 3.86429e-20)
(1.22574 0.0504237 5.70831e-20)
(1.31501 0.0703681 -5.48264e-20)
(1.38393 0.08629 -3.93879e-20)
(1.43521 0.096786 1.95366e-20)
(0.156645 -0.0194617 3.36115e-20)
(0.435296 -0.0309862 0)
(0.680921 -0.0112214 -2.64192e-20)
(0.888324 0.0187457 9.85529e-20)
(1.05786 0.0502733 -6.44817e-20)
(1.19277 0.0795432 0)
(1.29749 0.104506 0)
(1.37679 0.124392 0)
(1.43522 0.13895 -3.46628e-20)
(1.47652 0.147651 3.36192e-20)
(0.183131 -0.00997948 -1.76552e-20)
(0.49297 -0.00393549 -1.24081e-21)
(0.753408 0.0298074 -2.82461e-20)
(0.964761 0.0695237 1.14642e-20)
(1.13115 0.106929 1.12808e-20)
(1.25858 0.138845 1.7442e-20)
(1.35347 0.163941 0)
(1.42202 0.182107 -4.73345e-21)
(1.46977 0.193782 -1.79826e-20)
(1.50127 0.199349 1.40167e-20)
(0.208568 0.00326712 0)
(0.546029 0.0307624 -1.59809e-20)
(0.817499 0.0794707 0)
(1.02951 0.128357 -6.22229e-21)
(1.19025 0.170254 -5.97991e-21)
(1.30853 0.203093 -7.93093e-21)
(1.39277 0.226565 0)
(1.45043 0.241407 4.74847e-21)
(1.4879 0.248846 3.61357e-21)
(1.51025 0.250195 1.76899e-21)
(-0.00352995 0.00294539 0)
(-0.0126842 0.00527502 -8.47505e-21)
(-0.0244854 0.00559881 0)
(-0.0347499 0.00488347 -1.22655e-20)
(-0.0421304 0.00363877 -3.92564e-21)
(-0.0464825 0.00212031 7.30632e-21)
(-0.0479672 0.000516913 -7.16151e-21)
(-0.0468704 -0.00109311 6.59252e-21)
(-0.0434956 -0.00263155 2.00145e-22)
(-0.0382228 -0.00403188 5.77051e-21)
(-0.00418497 0.00857408 -1.92326e-20)
(-0.0131861 0.0152161 1.53158e-20)
(-0.0236239 0.0160402 -1.58203e-20)
(-0.031875 0.0138737 7.57968e-21)
(-0.0368843 0.0101357 3.67948e-20)
(-0.0386319 0.00563981 -1.43562e-20)
(-0.0373547 0.000860132 0)
(-0.0333898 -0.00389916 -6.2425e-21)
(-0.0270201 -0.00845735 -5.8139e-21)
(-0.0184896 -0.0125074 0)
(-0.00538576 0.0133824 1.28452e-20)
(-0.0139412 0.0234079 0)
(-0.0215973 0.0243687 4.76116e-20)
(-0.0258507 0.0206267 -6.27169e-20)
(-0.0261627 0.0144345 1.58141e-20)
(-0.0227479 0.00704733 0)
(-0.0159933 -0.000757016 0)
(-0.00637549 -0.00851589 0)
(0.00581476 -0.015846 4.63495e-20)
(0.0205949 -0.0221519 -4.50983e-20)
(-0.00685609 0.016864 0)
(-0.0143974 0.0288757 -3.36523e-20)
(-0.0177601 0.029377 6.6962e-20)
(-0.0160117 0.0238935 -3.31745e-20)
(-0.009317 0.0152856 3.10263e-20)
(0.00179194 0.00517416 -8.97398e-20)
(0.0166394 -0.00540879 2.67393e-21)
(0.0343695 -0.0157776 5.3867e-20)
(0.0547524 -0.0253557 4.64131e-20)
(0.0782046 -0.033165 -6.67496e-20)
(-0.00822215 0.0187131 2.88754e-20)
(-0.0137602 0.0309284 -7.35452e-20)
(-0.0111291 0.0302177 -1.61667e-21)
(-0.00127984 0.0227603 3.96688e-22)
(0.0147496 0.0118302 3.07452e-20)
(0.0359133 -0.000666501 -9.50152e-20)
(0.0609454 -0.0134786 0)
(0.0888097 -0.0258497 -2.70244e-20)
(0.119292 -0.0369772 2.4451e-20)
(0.153291 -0.0453661 -8.53496e-20)
(-0.00903617 0.0187615 -9.73992e-22)
(-0.0110283 0.0291778 7.64808e-20)
(-0.000421197 0.0264202 3.65548e-20)
(0.019717 0.0168252 3.92319e-20)
(0.0473024 0.00382015 3.33764e-20)
(0.0803847 -0.0104582 3.11157e-20)
(0.117393 -0.02476 0)
(0.156934 -0.038331 2.63173e-20)
(0.198823 -0.0501576 6.80749e-20)
(0.244532 -0.0580678 -2.50761e-20)
(-0.00880269 0.0169811 6.7625e-22)
(-0.00507093 0.023565 4.24776e-20)
(0.015805 0.0179942 0)
(0.0485085 0.0062191 -6.97841e-20)
(0.0894501 -0.00830856 7.25133e-20)
(0.136111 -0.0235498 0)
(0.186404 -0.0383614 0)
(0.238571 -0.0521342 0)
(0.292462 -0.0637071 -4.87881e-20)
(0.350247 -0.0701272 -8.26992e-20)
(-0.00700478 0.0134722 -3.8528e-20)
(0.00528926 0.0143744 4.62305e-20)
(0.0390465 0.00540478 8.82628e-20)
(0.0863173 -0.00823435 4.82347e-21)
(0.142336 -0.0235303 7.532e-20)
(0.203809 -0.0386533 6.85258e-20)
(0.268115 -0.0527331 6.18941e-20)
(0.333152 -0.0654887 5.5514e-20)
(0.398839 -0.0758051 4.70258e-20)
(0.468231 -0.0800084 -3.95861e-20)
(-0.00312899 0.008455 -1.32167e-19)
(0.0212007 0.00218754 -4.40531e-20)
(0.0704275 -0.0103 -1.75361e-19)
(0.134305 -0.0252604 -8.08271e-20)
(0.206772 -0.0402932 4.34325e-21)
(0.283734 -0.0539387 -6.26019e-20)
(0.362038 -0.0657035 6.64612e-20)
(0.439245 -0.0757404 -5.36049e-20)
(0.515258 -0.0832346 4.83386e-20)
(0.594398 -0.0846455 -8.09575e-20)
(0.00328162 0.00227228 9.03146e-20)
(0.0434834 -0.0119953 0)
(0.110918 -0.0277715 9.20498e-20)
(0.193194 -0.0432079 3.7962e-24)
(0.283066 -0.0567849 4.81974e-21)
(0.375745 -0.0675136 6.74213e-20)
(0.467663 -0.0752042 -1.90406e-19)
(0.556058 -0.0801245 0)
(0.639814 -0.081891 -4.6553e-20)
(0.722849 -0.0795119 0)
(-0.0319486 -0.00502395 0)
(-0.0249663 -0.00586583 -4.75697e-21)
(-0.0169554 -0.00652414 9.22648e-21)
(-0.00817949 -0.00702352 -3.92919e-21)
(0.0011689 -0.00738834 0)
(0.0109465 -0.00765745 3.48822e-21)
(0.0210402 -0.00783034 -3.48404e-21)
(0.0313616 -0.00793985 0)
(0.0418267 -0.00797951 0)
(0.0523636 -0.00797583 2.99539e-22)
(0.0629095 -0.00791754 0)
(0.0734092 -0.00782951 0)
(0.0838142 -0.0076984 0)
(0.0940848 -0.00754965 0)
(0.104189 -0.00736972 -2.20488e-22)
(0.114079 -0.00718699 2.20295e-22)
(0.123691 -0.00698846 0)
(0.133228 -0.00680723 -1.56282e-23)
(0.143537 -0.00664995 1.56183e-23)
(0.153039 -0.00658713 0)
(-0.0104528 -0.0153392 0)
(-0.00345789 -0.0177271 1.19542e-21)
(0.00473371 -0.0196049 0)
(0.0135687 -0.020994 1.52445e-20)
(0.0228202 -0.0220355 -1.47923e-20)
(0.0324157 -0.0227831 8.71588e-22)
(0.0422773 -0.0232914 -5.99681e-21)
(0.0523239 -0.0235866 1.21067e-20)
(0.0624826 -0.023711 -9.56751e-21)
(0.0726905 -0.023677 5.10042e-21)
(0.0828917 -0.023517 3.70395e-21)
(0.0930366 -0.0232363 -6.44184e-21)
(0.103082 -0.0228643 3.17083e-21)
(0.11299 -0.0224047 1.38459e-21)
(0.122733 -0.0218896 -1.08043e-21)
(0.132267 -0.0213277 1.82561e-22)
(0.141529 -0.0207591 1.25472e-22)
(0.150695 -0.0201999 6.40118e-23)
(0.160588 -0.0197302 -6.39678e-23)
(0.169775 -0.0194646 -4.58261e-23)
(0.0317731 -0.0263539 -1.29393e-21)
(0.0386755 -0.0299931 -1.17192e-21)
(0.0470595 -0.0327948 -1.10997e-21)
(0.0559239 -0.0348814 0)
(0.0649739 -0.0364486 -1.62944e-20)
(0.0742196 -0.0375916 1.2691e-20)
(0.0836303 -0.0383569 0)
(0.0931475 -0.0388038 -1.42228e-21)
(0.102718 -0.0389689 -6.32404e-22)
(0.112295 -0.0388973 7.36937e-21)
(0.121837 -0.0386118 -1.08766e-21)
(0.131304 -0.0381485 -8.2759e-21)
(0.140662 -0.0375242 -3.68955e-22)
(0.149882 -0.0367736 -2.99831e-22)
(0.158939 -0.0359164 -2.44337e-22)
(0.167796 -0.0349975 4.36381e-22)
(0.176392 -0.0340504 -4.81721e-22)
(0.184883 -0.0331327 -3.87628e-22)
(0.194048 -0.0323188 7.21586e-24)
(0.202554 -0.0318276 6.54645e-23)
(0.0934249 -0.0380826 -3.77871e-20)
(0.100048 -0.0425832 3.03827e-21)
(0.108539 -0.0459673 3.73372e-21)
(0.117343 -0.0484801 3.36317e-20)
(0.126045 -0.0503955 2.81747e-21)
(0.134751 -0.0517899 8.49219e-22)
(0.143492 -0.052721 -2.22578e-20)
(0.152237 -0.0532412 1.38292e-20)
(0.160959 -0.0534088 1.07723e-20)
(0.169632 -0.0532632 -9.09444e-21)
(0.178234 -0.0528482 1.08861e-21)
(0.186739 -0.0521923 8.73944e-21)
(0.195127 -0.0513329 3.63163e-22)
(0.203375 -0.0502961 2.8096e-21)
(0.211468 -0.0491239 -1.95279e-21)
(0.219375 -0.0478555 -1.25749e-21)
(0.227042 -0.0465544 1.12036e-21)
(0.234604 -0.0452783 0)
(0.242772 -0.044148 3.10843e-23)
(0.250325 -0.043448 -3.86507e-23)
(0.172956 -0.0502616 8.13459e-20)
(0.179015 -0.055267 -3.32987e-20)
(0.187364 -0.0588653 3.58242e-20)
(0.19591 -0.0615153 0)
(0.20406 -0.0635593 -1.8326e-21)
(0.212007 -0.065054 -2.60697e-20)
(0.219846 -0.0660316 8.85396e-22)
(0.227582 -0.0665512 2.36819e-21)
(0.235212 -0.0666644 2.15329e-20)
(0.242736 -0.066422 1.12056e-21)
(0.250153 -0.0658617 0)
(0.257455 -0.065024 -8.5633e-22)
(0.264633 -0.0639397 0)
(0.271679 -0.0626475 -6.06367e-22)
(0.278584 -0.061183 0)
(0.285327 -0.0596017 0)
(0.291861 -0.0579665 2.60119e-22)
(0.298298 -0.0563621 -1.85434e-22)
(0.305262 -0.05493 1.57664e-22)
(0.311667 -0.0540504 4.32173e-24)
(0.268547 -0.062279 0)
(0.27365 -0.0675237 -2.25175e-21)
(0.281457 -0.0710515 -6.5274e-20)
(0.289423 -0.0735753 6.37498e-20)
(0.296737 -0.0755456 -1.86274e-21)
(0.303652 -0.0769821 0)
(0.310334 -0.077898 -2.36238e-20)
(0.316816 -0.0783382 4.37298e-20)
(0.323122 -0.0783557 -2.28035e-20)
(0.329277 -0.0779924 -1.15186e-21)
(0.335298 -0.0772903 -1.01688e-21)
(0.341197 -0.0762827 -8.85116e-22)
(0.346979 -0.0750059 0)
(0.352645 -0.0734918 3.85691e-21)
(0.358197 -0.0717826 -8.56348e-21)
(0.363623 -0.0699288 3.55837e-21)
(0.368884 -0.0680061 -2.8383e-22)
(0.374067 -0.0661047 -1.73339e-22)
(0.379694 -0.0644053 1.19992e-23)
(0.384836 -0.0633612 -1.65055e-23)
(0.378107 -0.0732411 7.81608e-20)
(0.38177 -0.0785302 0)
(0.388476 -0.0817971 -2.10423e-21)
(0.395415 -0.0840441 3.89431e-21)
(0.401521 -0.0858059 3.63004e-21)
(0.407069 -0.0870761 1.70035e-21)
(0.41229 -0.0878477 1.56157e-21)
(0.417256 -0.0881617 -1.99335e-20)
(0.422009 -0.0880589 2.40178e-20)
(0.426592 -0.0875778 1.93599e-20)
(0.431043 -0.0867506 -1.61999e-20)
(0.435384 -0.0856098 1.75447e-21)
(0.439635 -0.0841838 -5.51266e-21)
(0.443804 -0.082505 1.6004e-21)
(0.447901 -0.0806086 5.59064e-21)
(0.45192 -0.0785472 4.05724e-22)
(0.455835 -0.076393 -3.55126e-22)
(0.459706 -0.0742496 6.10383e-22)
(0.463941 -0.0723202 5.66267e-22)
(0.467782 -0.071138 -2.2938e-24)
(0.499305 -0.0824704 0)
(0.501088 -0.0875437 -6.74095e-20)
(0.505865 -0.0902629 7.03938e-20)
(0.511106 -0.0921035 -1.88671e-21)
(0.515534 -0.0935991 -3.57678e-21)
(0.519324 -0.0946704 -1.63683e-21)
(0.522743 -0.09529 -3.05624e-21)
(0.525907 -0.0954869 0)
(0.52888 -0.0952936 -1.2487e-21)
(0.531716 -0.0947358 -1.12032e-21)
(0.534457 -0.0938395 -1.0239e-21)
(0.537138 -0.092628 -1.76439e-21)
(0.539779 -0.0911263 0)
(0.542398 -0.089359 0)
(0.545004 -0.0873591 -5.09484e-22)
(0.547599 -0.0851713 -3.62617e-21)
(0.550164 -0.0828677 2.53017e-21)
(0.552735 -0.0805519 -2.01105e-22)
(0.555596 -0.0784508 -2.62737e-22)
(0.558178 -0.0771569 1.23255e-22)
(0.628844 -0.0893211 7.51572e-20)
(0.629383 -0.0944077 0)
(0.631239 -0.0962531 0)
(0.633619 -0.0974583 -5.77833e-20)
(0.635606 -0.0985521 6.48811e-21)
(0.637136 -0.0993745 1.04939e-19)
(0.638376 -0.0998536 -4.93383e-20)
(0.639454 -0.0999843 0)
(0.640443 -0.0997684 0)
(0.641394 -0.0992132 0)
(0.642344 -0.0983295 4.80913e-22)
(0.643322 -0.0971331 1.32555e-21)
(0.644346 -0.0956406 1.12563e-20)
(0.645431 -0.0938729 -1.09939e-20)
(0.646584 -0.0918557 3.7806e-21)
(0.647808 -0.0896301 -3.38725e-21)
(0.64909 -0.0872601 0)
(0.650443 -0.0848497 8.83923e-23)
(0.652024 -0.0826327 9.38977e-23)
(0.653456 -0.0812486 0)
(0.760703 -0.0907468 -1.13506e-21)
(0.763199 -0.0967783 -6.54478e-20)
(0.762168 -0.0984941 6.6879e-20)
(0.760264 -0.0995381 0)
(0.758579 -0.100434 5.39198e-20)
(0.757077 -0.101119 -1.05023e-19)
(0.755666 -0.101564 5.09617e-20)
(0.754369 -0.101741 0)
(0.753213 -0.101619 1.92564e-20)
(0.75221 -0.101176 -3.67639e-20)
(0.751364 -0.100409 1.79609e-20)
(0.75068 -0.0993184 -4.4122e-22)
(0.750161 -0.0979163 0)
(0.749809 -0.0962179 -9.90001e-21)
(0.749623 -0.0942462 1.34986e-20)
(0.749602 -0.0920362 -3.89149e-21)
(0.749736 -0.089647 -2.17204e-21)
(0.750018 -0.0871748 1.58938e-21)
(0.750475 -0.0848476 6.86664e-22)
(0.750904 -0.0833273 0)
(0.91947 -0.0817929 0)
(0.911869 -0.0882602 0)
(0.902916 -0.0908956 0)
(0.893337 -0.0929322 0)
(0.885617 -0.0947988 0)
(0.879471 -0.09631 0)
(0.874268 -0.0974285 0)
(0.869732 -0.0981745 0)
(0.865744 -0.0985533 0)
(0.862219 -0.0985636 0)
(0.859093 -0.0982086 0)
(0.856323 -0.0974979 0)
(0.853878 -0.0964456 0)
(0.851737 -0.0950701 0)
(0.849882 -0.0933949 0)
(0.848301 -0.091454 0)
(0.84698 -0.0893005 0)
(0.845904 -0.0870214 0)
(0.844975 -0.0848136 0)
(0.844049 -0.0832956 0)
(1.04954 -0.065454 0)
(1.04204 -0.0726593 0)
(1.03123 -0.0784884 0)
(1.01849 -0.0829905 0)
(1.00733 -0.086527 0)
(0.997856 -0.0892629 0)
(0.989502 -0.0913169 0)
(0.982014 -0.0927878 0)
(0.975273 -0.093744 0)
(0.969181 -0.0942315 0)
(0.963653 -0.0942865 0)
(0.958623 -0.09394 0)
(0.954046 -0.0932212 0)
(0.949886 -0.0921584 0)
(0.946115 -0.090782 0)
(0.942711 -0.0891284 0)
(0.939662 -0.0872491 0)
(0.936951 -0.0852221 0)
(0.934376 -0.0832148 0)
(0.931773 -0.0817763 0)
(1.16183 -0.0509837 0)
(1.1531 -0.0579481 0)
(1.14205 -0.0648947 0)
(1.1288 -0.0706546 0)
(1.11643 -0.0753451 0)
(1.10535 -0.0791538 0)
(1.0952 -0.0821779 0)
(1.08584 -0.0845007 0)
(1.07721 -0.0861996 0)
(1.06926 -0.0873398 0)
(1.06191 -0.0879751 0)
(1.05511 -0.0881522 0)
(1.04882 -0.0879124 0)
(1.04301 -0.0872942 0)
(1.03765 -0.086335 0)
(1.0327 -0.0850757 0)
(1.02818 -0.0835675 0)
(1.02405 -0.0818831 0)
(1.02005 -0.0801682 0)
(1.01595 -0.0789011 0)
(1.25845 -0.0372171 0)
(1.24834 -0.0442386 0)
(1.23716 -0.0515807 0)
(1.2242 -0.0579794 0)
(1.2117 -0.0633901 0)
(1.2001 -0.0679543 0)
(1.1892 -0.0717332 0)
(1.17892 -0.0747783 0)
(1.16925 -0.0771529 0)
(1.16017 -0.0789199 0)
(1.15165 -0.0801366 0)
(1.14366 -0.0808547 0)
(1.13616 -0.0811219 0)
(1.12915 -0.0809824 0)
(1.12258 -0.0804787 0)
(1.11646 -0.0796548 0)
(1.11077 -0.078562 0)
(1.10552 -0.0772683 0)
(1.10036 -0.0759008 0)
(1.09501 -0.0748585 0)
(1.3392 -0.0234543 0)
(1.32835 -0.030983 0)
(1.31729 -0.0387096 0)
(1.30499 -0.0455817 0)
(1.29295 -0.0515034 0)
(1.28152 -0.0565975 0)
(1.27059 -0.0609211 0)
(1.26011 -0.0645139 0)
(1.25009 -0.0674275 0)
(1.24053 -0.0697185 0)
(1.23144 -0.0714414 0)
(1.2228 -0.0726476 0)
(1.21461 -0.0733858 0)
(1.20684 -0.0737022 0)
(1.1995 -0.0736415 0)
(1.19258 -0.0732488 0)
(1.18608 -0.0725745 0)
(1.18002 -0.071682 0)
(1.174 -0.0706807 0)
(1.1677 -0.0698866 0)
(1.40428 -0.0104239 0)
(1.39358 -0.0185729 0)
(1.38305 -0.0266466 0)
(1.37174 -0.0338642 0)
(1.36054 -0.0401408 0)
(1.34974 -0.0455947 0)
(1.33927 -0.0502915 0)
(1.32909 -0.0542721 0)
(1.31924 -0.0575837 0)
(1.30972 -0.0602781 0)
(1.30055 -0.0624064 0)
(1.29174 -0.064018 0)
(1.28329 -0.0651602 0)
(1.27521 -0.0658786 0)
(1.26749 -0.0662178 0)
(1.26013 -0.0662226 0)
(1.25317 -0.0659414 0)
(1.24661 -0.0654327 0)
(1.24003 -0.0647888 0)
(1.2331 -0.0642444 0)
(1.45473 0.00118125 0)
(1.44488 -0.00746141 0)
(1.43532 -0.0157561 0)
(1.42526 -0.0231728 0)
(1.4152 -0.0296586 0)
(1.40534 -0.0353271 0)
(1.39566 -0.0402521 0)
(1.38615 -0.0444801 0)
(1.37684 -0.0480583 0)
(1.36774 -0.0510363 0)
(1.35888 -0.0534627 0)
(1.35027 -0.0553846 0)
(1.34193 -0.0568475 0)
(1.33388 -0.0578954 0)
(1.32612 -0.0585716 0)
(1.31867 -0.0589193 0)
(1.31155 -0.0589843 0)
(1.30478 -0.0588198 0)
(1.29794 -0.0585024 0)
(1.29067 -0.0581916 0)
(1.49194 0.0109122 0)
(1.48353 0.00202603 0)
(1.47527 -0.00631278 0)
(1.46666 -0.0137688 0)
(1.45794 -0.0203189 0)
(1.44925 -0.0260671 0)
(1.4406 -0.0310904 0)
(1.432 -0.0354409 0)
(1.42348 -0.0391667 0)
(1.41506 -0.0423166 0)
(1.40678 -0.0449374 0)
(1.39866 -0.0470742 0)
(1.39072 -0.0487704 0)
(1.38298 -0.0500682 0)
(1.37546 -0.051009 0)
(1.36818 -0.0516338 0)
(1.36116 -0.0519853 0)
(1.35443 -0.0521115 0)
(1.34758 -0.0520747 0)
(1.34024 -0.0519683 0)
(1.51775 0.0185686 0)
(1.51104 0.00968102 0)
(1.50434 0.00149762 0)
(1.4973 -0.00583076 0)
(1.49004 -0.0122988 0)
(1.48265 -0.0179962 0)
(1.47518 -0.0229972 0)
(1.46764 -0.0273561 0)
(1.46008 -0.0311219 0)
(1.45253 -0.0343418 0)
(1.44502 -0.0370609 0)
(1.43757 -0.0393224 0)
(1.43023 -0.0411674 0)
(1.42301 -0.0426361 0)
(1.41593 -0.0437675 0)
(1.40901 -0.0446002 0)
(1.4023 -0.0451734 0)
(1.39581 -0.0455301 0)
(1.38915 -0.0457199 0)
(1.38196 -0.0457816 0)
(1.53415 0.0241285 0)
(1.52923 0.0154671 0)
(1.52415 0.00759795 0)
(1.51873 0.000556152 0)
(1.51296 -0.00569065 0)
(1.50693 -0.0112141 0)
(1.5007 -0.0160811 0)
(1.49431 -0.020345 0)
(1.4878 -0.0240535 0)
(1.4812 -0.0272516 0)
(1.47457 -0.0299821 0)
(1.46792 -0.0322858 0)
(1.4613 -0.0342014 0)
(1.45472 -0.0357665 0)
(1.44822 -0.0370176 0)
(1.44182 -0.0379907 0)
(1.43555 -0.0387212 0)
(1.42945 -0.0392471 0)
(1.42314 -0.0396075 0)
(1.41627 -0.0397981 0)
(1.54306 0.0276698 0)
(1.53992 0.0194477 0)
(1.53643 0.0120326 0)
(1.53255 0.0053991 0)
(1.52823 -0.000504203 0)
(1.52355 -0.0057443 0)
(1.51856 -0.0103782 0)
(1.51332 -0.0144552 0)
(1.50789 -0.0180203 0)
(1.50229 -0.0211153 0)
(1.49658 -0.0237802 0)
(1.49078 -0.0260525 0)
(1.48495 -0.0279684 0)
(1.47909 -0.0295624 0)
(1.47325 -0.0308684 0)
(1.46745 -0.031919 0)
(1.46172 -0.0327463 0)
(1.4561 -0.0333834 0)
(1.45023 -0.0338603 0)
(1.4438 -0.0341411 0)
(1.54628 0.0293515 0)
(1.54482 0.0217464 0)
(1.54283 0.0149097 0)
(1.54037 0.00878418 0)
(1.53741 0.00331959 0)
(1.53399 -0.00154597 0)
(1.53019 -0.00586244 0)
(1.52607 -0.00967427 0)
(1.52168 -0.0130221 0)
(1.51706 -0.0159442 0)
(1.51226 -0.0184767 0)
(1.50733 -0.0206539 0)
(1.50228 -0.0225085 0)
(1.49717 -0.0240721 0)
(1.49202 -0.0253753 0)
(1.48685 -0.0264475 0)
(1.4817 -0.0273171 0)
(1.47661 -0.0280126 0)
(1.47126 -0.0285566 0)
(1.46534 -0.0288921 0)
(1.54545 0.0293862 0)
(1.54548 0.0225319 0)
(1.54485 0.0163735 0)
(1.54368 0.0108405 0)
(1.54193 0.00588842 0)
(1.53967 0.00147056 0)
(1.53696 -0.00246051 0)
(1.53387 -0.00594273 0)
(1.53045 -0.00901226 0)
(1.52676 -0.011703 0)
(1.52283 -0.0140471 0)
(1.51871 -0.0160751 0)
(1.51444 -0.0178162 0)
(1.51005 -0.0192987 0)
(1.50558 -0.0205496 0)
(1.50104 -0.021595 0)
(1.49648 -0.0224596 0)
(1.49193 -0.0231675 0)
(1.48711 -0.0237354 0)
(1.48174 -0.0240944 0)
(1.54194 0.0280136 0)
(1.54327 0.0220012 0)
(1.54383 0.0165934 0)
(1.54378 0.0117186 0)
(1.5431 0.00733987 0)
(1.54186 0.00342353 0)
(1.54012 -6.77013e-05 0)
(1.53795 -0.00316878 0)
(1.53541 -0.00591061 0)
(1.53255 -0.00832248 0)
(1.52942 -0.0104323 0)
(1.52605 -0.0122666 0)
(1.5225 -0.013851 0)
(1.51878 -0.01521 0)
(1.51494 -0.0163672 0)
(1.51101 -0.0173452 0)
(1.50701 -0.0181649 0)
(1.50299 -0.0188467 0)
(1.49868 -0.0194021 0)
(1.49385 -0.0197583 0)
(1.53696 0.0254777 0)
(1.53936 0.0203623 0)
(1.54093 0.0157521 0)
(1.54183 0.0115821 0)
(1.54206 0.00782311 0)
(1.54169 0.00445188 0)
(1.54078 0.00144074 0)
(1.53942 -0.00123944 0)
(1.53764 -0.00361486 0)
(1.53551 -0.00571024 0)
(1.53308 -0.00754914 0)
(1.53038 -0.0091541 0)
(1.52746 -0.0105468 0)
(1.52435 -0.011748 0)
(1.52108 -0.0127777 0)
(1.51769 -0.013655 0)
(1.5142 -0.0143974 0)
(1.51066 -0.0150213 0)
(1.50683 -0.0155348 0)
(1.50251 -0.0158671 0)
(1.53145 0.022011 0)
(1.53472 0.0178201 0)
(1.53711 0.0140343 0)
(1.53878 0.010599 0)
(1.53976 0.00749231 0)
(1.54011 0.0046989 0)
(1.5399 0.00219881 0)
(1.53921 -3.01148e-05 0)
(1.53807 -0.00200943 0)
(1.53656 -0.00375919 0)
(1.53472 -0.00529861 0)
(1.53258 -0.00664614 0)
(1.5302 -0.00781952 0)
(1.52761 -0.0088358 0)
(1.52484 -0.00971134 0)
(1.52191 -0.0104616 0)
(1.51887 -0.0111008 0)
(1.51575 -0.0116419 0)
(1.51235 -0.0120903 0)
(1.50847 -0.0123823 0)
(1.52617 0.0178241 0)
(1.53012 0.0145671 0)
(1.53315 0.0116181 0)
(1.53543 0.0089349 0)
(1.537 0.00650192 0)
(1.53792 0.00430951 0)
(1.53827 0.00234381 0)
(1.5381 0.000588696 0)
(1.53749 -0.000972153 0)
(1.53647 -0.00235422 0)
(1.5351 -0.00357241 0)
(1.53343 -0.00464109 0)
(1.53149 -0.00557404 0)
(1.52931 -0.00638453 0)
(1.52695 -0.00708529 0)
(1.52441 -0.00768831 0)
(1.52174 -0.00820444 0)
(1.51896 -0.00864358 0)
(1.51591 -0.00900944 0)
(1.51241 -0.009249 0)
(1.52171 0.0131005 0)
(1.52614 0.0107777 0)
(1.52965 0.00867044 0)
(1.53238 0.00674891 0)
(1.53438 0.00500319 0)
(1.53574 0.00342752 0)
(1.5365 0.00201279 0)
(1.53673 0.000748052 0)
(1.5365 -0.000377927 0)
(1.53586 -0.00137611 0)
(1.53485 -0.00225709 0)
(1.53352 -0.00303113 0)
(1.53191 -0.00370807 0)
(1.53006 -0.0042974 0)
(1.528 -0.0048082 0)
(1.52576 -0.00524902 0)
(1.52337 -0.00562749 0)
(1.52086 -0.00595051 0)
(1.51808 -0.00622124 0)
(1.51488 -0.00640142 0)
(1.5185 0.00801001 0)
(1.52325 0.00661671 0)
(1.52707 0.00535209 0)
(1.53009 0.00419733 0)
(1.53239 0.0031469 0)
(1.53402 0.00219777 0)
(1.53506 0.00134476 0)
(1.53556 0.000581471 0)
(1.53559 -9.86211e-05 0)
(1.5352 -0.000702008 0)
(1.53443 -0.00123501 0)
(1.53333 -0.00170378 0)
(1.53195 -0.00211421 0)
(1.53031 -0.002472 0)
(1.52845 -0.0027826 0)
(1.52641 -0.00305114 0)
(1.52421 -0.00328203 0)
(1.52188 -0.00347895 0)
(1.51928 -0.00364589 0)
(1.51628 -0.00376533 0)
(1.51682 0.00271576 0)
(1.52174 0.00224017 0)
(1.52571 0.00181404 0)
(1.52887 0.00142679 0)
(1.53131 0.00107515 0)
(1.53309 0.000757631 0)
(1.53427 0.000472286 0)
(1.5349 0.000216916 0)
(1.53506 -1.06753e-05 0)
(1.53479 -0.000212664 0)
(1.53414 -0.000391182 0)
(1.53316 -0.000548273 0)
(1.53189 -0.000685912 0)
(1.53036 -0.000805986 0)
(1.5286 -0.000910315 0)
(1.52666 -0.00100061 0)
(1.52456 -0.00107825 0)
(1.52232 -0.00114423 0)
(1.51981 -0.00120091 0)
(1.51692 -0.00124567 0)
(1.52119 0.24775 -1.7485e-21)
(1.52052 0.203502 0)
(1.5059 0.157588 7.68582e-22)
(1.4762 0.111301 2.29989e-20)
(1.43081 0.0661917 -6.49882e-20)
(1.36969 0.0240763 0)
(1.29358 -0.013034 -7.06525e-20)
(1.2045 -0.042914 0)
(1.10306 -0.0621825 -7.37997e-20)
(0.983786 -0.06876 1.101e-21)
(1.52455 0.24215 3.25077e-22)
(1.53088 0.205042 -4.53754e-22)
(1.52567 0.166031 4.43243e-22)
(1.50768 0.12597 -4.83682e-21)
(1.47599 0.0859493 2.07274e-20)
(1.43013 0.0473162 1.59421e-21)
(1.37023 0.0116339 0)
(1.29786 -0.0194509 5.66282e-20)
(1.21308 -0.0435285 0)
(1.10284 -0.0572649 7.07561e-20)
(1.52239 0.23344 -6.94272e-23)
(1.53396 0.202335 0)
(1.53618 0.169312 4.54724e-22)
(1.52774 0.134879 -5.02328e-21)
(1.50759 0.0997458 -2.23863e-20)
(1.47497 0.0648601 0)
(1.42952 0.0314268 -4.53115e-20)
(1.37237 0.000765203 -5.80977e-20)
(1.30377 -0.0255173 0)
(1.20766 -0.0441847 -7.0412e-20)
(1.51642 0.222497 -2.42431e-22)
(1.53176 0.196468 -6.87155e-23)
(1.53962 0.168656 0)
(1.53877 0.139322 -1.44405e-20)
(1.52812 0.108878 -1.11536e-21)
(1.50675 0.0779424 2.38267e-21)
(1.47404 0.0473894 4.43989e-20)
(1.43064 0.0182918 1.39976e-21)
(1.37705 -0.00825769 4.76938e-20)
(1.29719 -0.0297519 0)
(1.508 0.210044 0)
(1.52591 0.188281 2.5537e-23)
(1.53792 0.164971 1.09114e-21)
(1.54293 0.140207 -8.34231e-22)
(1.53989 0.114186 6.3451e-22)
(1.52788 0.0872582 1.0719e-21)
(1.50611 0.0599945 3.0996e-20)
(1.47484 0.0332111 2.555e-21)
(1.4346 0.00767163 -7.40149e-21)
(1.37099 -0.0148489 -5.18299e-20)
(1.49809 0.19661 1.64407e-21)
(1.51766 0.178386 8.66682e-23)
(1.53259 0.158884 -1.73605e-21)
(1.54196 0.138097 -7.25032e-23)
(1.54484 0.116076 7.10288e-21)
(1.54034 0.0929766 0)
(1.52764 0.0691184 -3.46143e-20)
(1.50672 0.0450676 1.00823e-21)
(1.47798 0.0213532 -7.84755e-20)
(1.42945 -0.000805764 9.72623e-20)
(1.4874 0.182587 -1.65672e-21)
(1.50792 0.167281 -2.53334e-21)
(1.52481 0.150957 8.50298e-22)
(1.5373 0.133555 -2.96314e-22)
(1.5446 0.115041 -2.92633e-21)
(1.54593 0.0954371 7.587e-21)
(1.54051 0.074882 -8.47367e-22)
(1.52812 0.0537246 1.82446e-21)
(1.50902 0.032307 3.57073e-20)
(1.47376 0.0114577 -4.55415e-20)
(1.47643 0.168268 0)
(1.4974 0.155369 6.05837e-21)
(1.5155 0.141681 -3.9975e-22)
(1.53012 0.127126 -1.2595e-21)
(1.5406 0.111623 -2.86791e-21)
(1.54629 0.0951182 -1.20078e-20)
(1.5465 0.0776295 7.43992e-21)
(1.54093 0.0593364 0)
(1.52966 0.0404304 0)
(1.5056 0.0214643 0)
(1.46556 0.153861 0)
(1.48662 0.142957 -6.72139e-21)
(1.50537 0.131456 -3.58641e-22)
(1.52134 0.119278 1.47267e-21)
(1.53401 0.106326 -1.23566e-21)
(1.54284 0.0925114 5.20316e-21)
(1.54725 0.0777784 -8.86143e-21)
(1.54693 0.06219 4.94941e-22)
(1.54181 0.0458252 0)
(1.52686 0.0290408 -1.32048e-20)
(1.45504 0.139507 3.05912e-22)
(1.47595 0.130272 4.01403e-21)
(1.49496 0.120593 5.51233e-21)
(1.5117 0.110397 -1.43062e-23)
(1.52577 0.0995917 2.89368e-22)
(1.53675 0.0880753 4.62401e-23)
(1.54418 0.0757601 -3.54562e-21)
(1.54774 0.0626366 3.43943e-22)
(1.54731 0.0487102 0)
(1.53948 0.0342028 2.39659e-20)
(1.44509 0.125297 0)
(1.46569 0.117476 4.89122e-21)
(1.48468 0.109326 9.72698e-22)
(1.50177 0.100791 0)
(1.51666 0.0917872 0)
(1.52902 0.0822189 1.42958e-22)
(1.53849 0.0719901 3.06173e-21)
(1.54481 0.0610546 3.67106e-22)
(1.54781 0.0493771 -1.02082e-22)
(1.54535 0.0370909 -1.09805e-20)
(1.43584 0.111285 0)
(1.45604 0.104677 -9.7007e-21)
(1.47483 0.0978293 -8.32729e-21)
(1.49198 0.0906968 9.80182e-22)
(1.50726 0.0832118 -5.57962e-22)
(1.52042 0.075291 -1.10226e-22)
(1.5312 0.0668458 3.22354e-23)
(1.53937 0.0578171 -1.29061e-21)
(1.54478 0.0481539 -4.19068e-22)
(1.54618 0.0379342 1.84649e-22)
(1.4274 0.0974962 0)
(1.44716 0.0919464 5.38207e-21)
(1.46564 0.0862234 -4.75898e-22)
(1.48266 0.0802919 4.68988e-22)
(1.49803 0.0740988 0)
(1.51158 0.0675769 0)
(1.52312 0.0606522 0)
(1.53245 0.0532673 1.63045e-21)
(1.53946 0.0453723 -2.11646e-21)
(1.54351 0.0370111 0)
(1.41985 0.0839366 0)
(1.43916 0.0793259 3.70848e-21)
(1.45728 0.0745902 4.22015e-21)
(1.47405 0.069703 4.57448e-21)
(1.48933 0.0646238 -7.76467e-22)
(1.50299 0.0593012 3.47446e-21)
(1.51489 0.0536774 -1.91135e-21)
(1.52489 0.0477047 0)
(1.53289 0.0413427 1.55072e-21)
(1.53865 0.0346153 2.51143e-21)
(1.41326 0.0705978 -9.54281e-22)
(1.43214 0.0668339 -3.06278e-21)
(1.44988 0.0629804 -5.50054e-21)
(1.46635 0.0590175 -3.26807e-21)
(1.48143 0.0549149 0)
(1.49502 0.0506348 -4.29836e-21)
(1.50702 0.046135 2.95046e-21)
(1.51734 0.0413797 -2.42031e-22)
(1.5259 0.0363412 9.6536e-22)
(1.53268 0.0310313 -3.02094e-21)
(1.40768 0.0574607 9.60557e-22)
(1.42616 0.0544727 -2.56767e-21)
(1.44354 0.0514213 1.99671e-21)
(1.45969 0.0482914 -4.4066e-21)
(1.47452 0.0450612 0)
(1.48795 0.0417035 0)
(1.4999 0.0381892 3.27045e-22)
(1.51032 0.0344942 -2.65697e-21)
(1.51915 0.0306025 -2.61378e-22)
(1.52649 0.0265186 5.41283e-22)
(1.40315 0.0444982 0)
(1.42128 0.0422314 4.11943e-21)
(1.43832 0.0399209 -1.32235e-21)
(1.45418 0.0375556 4.06568e-21)
(1.46875 0.0351196 1.01402e-21)
(1.48199 0.0325943 -5.80662e-22)
(1.49382 0.0299609 9.70229e-22)
(1.50422 0.0272044 1.81245e-21)
(1.51315 0.0243185 0)
(1.52074 0.021303 0)
(1.39969 0.0316786 0)
(1.41752 0.0300908 1.7538e-21)
(1.43429 0.0284746 -2.87731e-21)
(1.44989 0.0268221 0)
(1.46424 0.0251226 -1.93655e-21)
(1.47729 0.0233638 -6.36154e-22)
(1.489 0.0215345 -1.57817e-21)
(1.49933 0.0196265 -2.87899e-22)
(1.50828 0.0176395 2.09783e-22)
(1.51596 0.0155716 7.3518e-23)
(1.39733 0.0189728 0)
(1.41493 0.0180387 -1.76652e-21)
(1.43149 0.0170876 -1.43921e-21)
(1.44689 0.0161145 1.80164e-21)
(1.46108 0.0151126 8.45575e-22)
(1.47399 0.0140752 7.85841e-22)
(1.48559 0.0129961 2.73154e-21)
(1.49586 0.011872 -1.63975e-21)
(1.50482 0.0107055 3.24158e-22)
(1.51254 0.00949546 0)
(1.3961 0.00634106 0)
(1.41355 0.00605521 9.10156e-22)
(1.42996 0.00576052 -8.40734e-22)
(1.44524 0.00545404 7.57783e-22)
(1.45933 0.00513268 0)
(1.47217 0.00479358 -8.59567e-22)
(1.48373 0.00443466 5.59897e-22)
(1.49399 0.00405517 3.44473e-22)
(1.50297 0.00365698 0)
(1.51074 0.00324003 0)
(1.07831 0.48429 0)
(1.06868 0.522203 -1.0106e-19)
(1.05388 0.563325 0)
(1.03124 0.603094 -3.10983e-19)
(0.996833 0.636613 1.21504e-19)
(0.943766 0.656178 8.81566e-21)
(0.861082 0.648831 8.23332e-20)
(0.732078 0.594349 -1.76702e-20)
(0.533381 0.462392 0)
(0.233589 0.210019 7.88126e-20)
(1.14104 0.492901 1.84825e-19)
(1.1361 0.529066 1.01034e-19)
(1.12467 0.568142 -8.25218e-20)
(1.10486 0.60553 1.05169e-19)
(1.07244 0.635552 -6.70089e-20)
(1.01942 0.650306 2.34019e-20)
(0.933417 0.637096 -7.90708e-20)
(0.795971 0.576823 -1.46476e-19)
(0.581301 0.442261 -3.67071e-20)
(0.253909 0.19755 -1.09988e-19)
(1.20284 0.493488 -7.23369e-20)
(1.20144 0.527536 6.9368e-20)
(1.19298 0.563702 8.26203e-20)
(1.17538 0.597356 7.93131e-20)
(1.14379 0.622536 7.46886e-20)
(1.08931 0.631352 6.87437e-20)
(0.998453 0.611709 2.51441e-20)
(0.851495 0.546233 5.53836e-20)
(0.621213 0.411701 1.73087e-20)
(0.269789 0.180406 -1.60016e-20)
(1.2623 0.485657 1.45194e-19)
(1.26354 0.517171 -6.96981e-20)
(1.25721 0.549747 0)
(1.24073 0.578658 0)
(1.20851 0.597954 0)
(1.15091 0.600006 2.91703e-20)
(1.05365 0.573687 -6.07929e-21)
(0.896239 0.503926 0)
(0.651333 0.372317 1.62833e-21)
(0.280697 0.159711 -1.94117e-21)
(1.3187 0.470179 -1.58847e-20)
(1.32138 0.4985 8.01154e-20)
(1.31588 0.526696 0)
(1.29898 0.549945 0)
(1.26438 0.562478 7.44779e-21)
(1.20168 0.557178 1.69434e-21)
(1.09638 0.524361 1.75505e-20)
(0.928397 0.451978 -1.13126e-20)
(0.670757 0.326391 -3.02717e-20)
(0.286075 0.1365 -7.72609e-21)
(1.37089 0.447789 5.67951e-20)
(1.37359 0.472184 1.98226e-20)
(1.3673 0.49515 0)
(1.34802 0.511887 0)
(1.30893 0.516969 -6.92948e-21)
(1.2395 0.504307 -2.15823e-21)
(1.12522 0.466033 8.50939e-21)
(0.946659 0.392922 -2.45122e-21)
(0.678426 0.275948 4.32972e-20)
(0.285702 0.111844 2.15749e-20)
(1.41741 0.419081 -2.14011e-20)
(1.41842 0.43877 2.16362e-20)
(1.40943 0.455652 4.77002e-21)
(1.38586 0.465246 -4.83235e-21)
(1.34042 0.462907 8.7552e-21)
(1.26266 0.443551 -8.96042e-21)
(1.13859 0.401143 2.26333e-20)
(0.950043 0.329242 -2.36599e-20)
(0.674007 0.223164 0)
(0.279663 0.086857 0)
(1.45648 0.384134 -8.42918e-21)
(1.45403 0.398618 8.54171e-21)
(1.44045 0.409041 0)
(1.41064 0.411528 0)
(1.35713 0.402254 0)
(1.26984 0.377251 -1.16208e-20)
(1.13566 0.332288 5.47249e-20)
(0.938259 0.263539 -5.17475e-20)
(0.657678 0.170244 0)
(0.268281 0.0626134 -2.49023e-20)
(1.4862 0.343727 1.48584e-21)
(1.47862 0.352752 -8.78676e-24)
(1.45861 0.356714 2.63458e-21)
(1.4208 0.352511 0)
(1.35783 0.337181 1.1207e-20)
(1.26023 0.307897 -3.03281e-20)
(1.11619 0.262132 0)
(0.911584 0.198403 8.27866e-21)
(0.63009 0.119303 -2.7487e-20)
(0.252108 0.0400853 3.7704e-20)
(1.50471 0.298734 0)
(1.49043 0.302365 -1.47955e-21)
(1.46235 0.30025 -2.60642e-21)
(1.41511 0.290155 0)
(1.34172 0.269999 -6.89749e-21)
(1.23359 0.238051 1.00444e-20)
(1.08049 0.193318 4.55736e-21)
(0.870862 0.136302 1.14463e-20)
(0.592361 0.0722648 1.38157e-20)
(0.231899 0.0200932 0)
(0.696521 0.0340008 -5.53816e-20)
(0.649803 0.0373734 5.89321e-20)
(0.595766 0.0408835 3.18697e-20)
(0.533312 0.0444951 3.50666e-20)
(0.461287 0.0479806 -3.66737e-20)
(0.378866 0.0508065 -6.06136e-20)
(0.286107 0.0519381 2.13932e-20)
(0.185074 0.0495522 -4.65599e-20)
(0.0861655 0.0404368 -5.00178e-20)
(0.0203479 0.0191368 0)
(0.703993 0.0996571 0)
(0.65835 0.109174 -2.77369e-20)
(0.605569 0.119276 -2.9664e-20)
(0.544507 0.129759 0)
(0.473913 0.139931 6.90152e-20)
(0.392822 0.148254 3.68269e-20)
(0.301014 0.151752 0)
(0.199942 0.145118 -4.01765e-20)
(0.0986347 0.118913 -1.07411e-21)
(0.026368 0.0569122 -4.04695e-20)
(0.719698 0.163967 2.02418e-19)
(0.675929 0.179407 -2.10082e-19)
(0.625315 0.195825 0)
(0.56667 0.212841 0)
(0.498557 0.229309 0)
(0.41973 0.242719 -2.10925e-19)
(0.329426 0.248239 2.96083e-19)
(0.228005 0.237236 -7.54322e-20)
(0.122317 0.194414 0)
(0.0380382 0.0935135 7.92249e-20)
(0.743414 0.225061 1.93414e-19)
(0.702244 0.245997 -2.00544e-19)
(0.654605 0.268245 -2.19178e-19)
(0.599249 0.291247 -6.46323e-21)
(0.534475 0.313425 3.65663e-19)
(0.458635 0.331339 -1.28519e-19)
(0.370196 0.338417 1.40733e-19)
(0.268032 0.322966 -2.96e-19)
(0.156114 0.264372 1.55788e-19)
(0.0547956 0.127275 0)
(0.774681 0.2818 -4.47403e-19)
(0.736738 0.307712 9.34899e-20)
(0.692776 0.335163 0)
(0.64145 0.363421 0)
(0.580716 0.390512 1.20737e-19)
(0.508418 0.412117 -3.55924e-19)
(0.422056 0.42007 2.5329e-19)
(0.318682 0.399959 -2.65148e-19)
(0.198764 0.326575 1.02912e-20)
(0.0759164 0.156924 -1.27933e-19)
(0.812922 0.333164 5.95305e-19)
(0.778722 0.363468 -4.48057e-19)
(0.73902 0.395401 0)
(0.692315 0.428061 0)
(0.636143 0.459111 1.08765e-19)
(0.567744 0.483413 1.14795e-19)
(0.483476 0.491376 1.01317e-19)
(0.37829 0.466268 1.28395e-19)
(0.248671 0.37919 2.14372e-21)
(0.100474 0.181436 2.52642e-19)
(0.857412 0.378205 -3.27045e-19)
(0.82735 0.412262 -1.60158e-19)
(0.792357 0.447867 0)
(0.75069 0.483966 0)
(0.699393 0.517895 0)
(0.635013 0.543762 -2.00705e-19)
(0.552617 0.55074 1.85015e-19)
(0.444851 0.520249 0)
(0.30392 0.420743 -1.20066e-19)
(0.127365 0.200039 2.19772e-19)
(0.907292 0.41606 -1.50962e-19)
(0.881649 0.45322 1.58907e-19)
(0.851667 0.491623 1.51371e-19)
(0.815255 0.530113 1.56364e-19)
(0.768899 0.565746 1.61025e-19)
(0.708381 0.591946 1.65464e-19)
(0.627367 0.596876 -2.40355e-20)
(0.516072 0.560638 1.755e-19)
(0.362349 0.450188 -1.03345e-19)
(0.155371 0.212244 9.39967e-20)
(0.961665 0.446076 -2.68078e-19)
(0.940545 0.485573 1.30725e-19)
(0.915717 0.5259 -1.50285e-19)
(0.884539 0.5657 -1.6377e-19)
(0.842909 0.601803 1.30241e-19)
(0.785795 0.627054 -2.24226e-20)
(0.705384 0.62887 -4.65431e-19)
(0.58945 0.58661 -3.17957e-19)
(0.421643 0.466937 8.19065e-20)
(0.183228 0.217862 -6.59135e-20)
(1.01839 0.467466 0)
(1.00243 0.508219 -1.30238e-19)
(0.983108 0.549855 0)
(0.956929 0.590093 1.15999e-19)
(0.919509 0.625485 -3.97566e-19)
(0.865027 0.648519 -2.66631e-19)
(0.784159 0.646212 2.71927e-19)
(0.662347 0.597807 1.43777e-19)
(0.47943 0.470885 0)
(0.209687 0.216995 1.44184e-19)
(0.999752 0.000466883 0)
(0.998731 0.00117227 -2.65576e-21)
(0.996641 0.00188781 2.64929e-21)
(0.993507 0.002622 0)
(0.989359 0.00338405 -5.31659e-21)
(0.984171 0.0041848 5.30726e-21)
(0.977887 0.00503593 0)
(0.970443 0.00594883 0)
(0.961761 0.00693673 0)
(0.951745 0.00801498 0)
(0.94028 0.00920145 2.74897e-21)
(0.927224 0.0105172 0)
(0.912413 0.0119872 0)
(0.895645 0.0136415 2.31457e-20)
(0.876683 0.0155164 -2.31876e-20)
(0.855244 0.0176557 0)
(0.830987 0.0201138 2.76853e-20)
(0.803507 0.0229587 -5.00352e-20)
(0.7723 0.0262795 2.54214e-20)
(0.736767 0.030201 2.68041e-20)
(0.999753 0.00140171 4.07658e-21)
(0.998743 0.00351196 1.01696e-20)
(0.996677 0.00565255 -1.01515e-20)
(0.993581 0.00784974 5.06674e-21)
(0.989488 0.010131 5.07537e-21)
(0.984369 0.0125274 2.04598e-20)
(0.978173 0.0150709 -1.53182e-20)
(0.970838 0.0177964 -4.13288e-20)
(0.962288 0.0207436 8.80705e-20)
(0.952434 0.0239581 -4.15876e-20)
(0.941162 0.0274925 -3.98104e-20)
(0.92834 0.0314088 9.06647e-20)
(0.91381 0.0357802 -8.10881e-20)
(0.897381 0.0406944 4.3552e-20)
(0.878831 0.0462566 5.55103e-21)
(0.857892 0.0525942 9.74073e-20)
(0.834249 0.0598614 -9.4858e-20)
(0.807525 0.0682466 0)
(0.77725 0.0779777 6.04579e-21)
(0.742906 0.0893017 0)
(0.999752 0.00233313 -1.22431e-20)
(0.998765 0.0058318 1.91851e-23)
(0.996749 0.00937924 2.02892e-20)
(0.993734 0.0130202 -1.00874e-20)
(0.989753 0.0168006 -2.53865e-20)
(0.98478 0.0207721 -5.07283e-21)
(0.978767 0.0249859 -5.12063e-21)
(0.971657 0.0295009 -5.10941e-21)
(0.963384 0.0343831 7.25971e-20)
(0.953864 0.0397078 7.73507e-22)
(0.942996 0.0455624 -9.39073e-20)
(0.930661 0.0520491 -5.3111e-21)
(0.916719 0.0592884 -1.06988e-20)
(0.901003 0.0674242 0)
(0.883319 0.0766287 -9.98018e-20)
(0.863442 0.0871084 7.76377e-20)
(0.841111 0.0991105 0)
(0.816022 0.11293 -5.75754e-21)
(0.787782 0.128909 -5.98178e-21)
(0.756008 0.147376 -5.99756e-21)
(0.999751 0.00325219 4.09412e-21)
(0.9988 0.00810906 1.51443e-20)
(0.996862 0.0130308 0)
(0.993971 0.0180815 -4.55343e-20)
(0.990162 0.0233268 4.04976e-20)
(0.985412 0.0288343 4.58055e-20)
(0.979681 0.0346769 -3.04802e-20)
(0.972919 0.0409363 5.12663e-21)
(0.965069 0.0477042 -6.70624e-20)
(0.956061 0.0550845 -7.23619e-22)
(0.945811 0.0631976 7.7646e-20)
(0.93422 0.0721834 -8.431e-20)
(0.921177 0.0822064 -8.08613e-20)
(0.90655 0.0934615 1.80589e-19)
(0.890192 0.10618 5.44583e-21)
(0.871939 0.120635 1.63759e-20)
(0.851614 0.137149 -1.79411e-19)
(0.829018 0.156092 2.68097e-21)
(0.803866 0.177883 -3.17282e-21)
(0.775958 0.202866 1.9106e-19)
(0.999752 0.00415447 8.14996e-21)
(0.99885 0.0103268 -4.03656e-20)
(0.99702 0.016577 2.01549e-20)
(0.994299 0.0229893 1.01393e-20)
(0.990724 0.029649 0)
(0.986279 0.0366382 0)
(0.980931 0.0440515 -1.01744e-20)
(0.97464 0.0519926 0)
(0.967362 0.0605774 -1.02381e-20)
(0.959045 0.0699369 0)
(0.949626 0.0802218 1.03415e-20)
(0.939037 0.0916063 -1.66286e-19)
(0.9272 0.104294 -1.79333e-21)
(0.914032 0.118522 -1.25151e-20)
(0.899449 0.13457 1.68244e-19)
(0.883365 0.152762 -1.07804e-20)
(0.865706 0.173468 1.06238e-20)
(0.846403 0.197102 -1.75209e-19)
(0.825301 0.224112 1.85375e-19)
(0.802429 0.25479 3.57406e-19)
(0.999757 0.00503216 8.14052e-21)
(0.998917 0.0124631 -1.0037e-20)
(0.997227 0.0199822 -9.97831e-21)
(0.994725 0.0276963 -9.98819e-21)
(0.991451 0.0357032 -8.05203e-20)
(0.987394 0.044105 1.50824e-19)
(0.982531 0.0530157 -9.02472e-20)
(0.976835 0.0625597 0)
(0.970278 0.0728754 -1.00057e-20)
(0.962829 0.0841186 -1.00236e-20)
(0.954453 0.096467 -1.00455e-20)
(0.945115 0.110124 1.53342e-19)
(0.934784 0.125326 -3.36722e-19)
(0.923435 0.142344 1.63169e-19)
(0.911054 0.16149 0)
(0.897651 0.18312 -1.0175e-20)
(0.883275 0.207622 -3.53834e-19)
(0.867997 0.235412 3.31028e-19)
(0.8518 0.266913 -1.05987e-20)
(0.834998 0.302277 0)
(0.999769 0.00587534 8.07274e-21)
(0.999006 0.0144934 -3.00167e-20)
(0.997488 0.0232096 1.00249e-20)
(0.995258 0.0321513 5.99021e-20)
(0.992353 0.0414286 9.90547e-21)
(0.988769 0.0511634 -5.99731e-20)
(0.984494 0.0614876 9.71415e-21)
(0.979516 0.0725449 7.95227e-20)
(0.973826 0.0844943 1.99134e-20)
(0.967418 0.0975137 1.6994e-19)
(0.960289 0.111804 -1.3901e-19)
(0.952446 0.127592 -1.40077e-19)
(0.943909 0.145139 1.68938e-19)
(0.934719 0.164736 9.82372e-21)
(0.924945 0.186715 9.79558e-21)
(0.914702 0.211433 1.98279e-20)
(0.904169 0.239262 1.97517e-20)
(0.893556 0.270566 -9.6042e-21)
(0.882984 0.305678 0)
(0.873112 0.344515 3.0849e-19)
(0.999789 0.00666703 -2.43875e-20)
(0.999122 0.0163805 9.29096e-24)
(0.997816 0.0262049 -9.84419e-21)
(0.995911 0.0362775 -8.92707e-20)
(0.993444 0.0467287 5.9255e-20)
(0.990418 0.0576956 -9.94568e-21)
(0.986832 0.0693264 0)
(0.982694 0.0817822 0)
(0.978015 0.0952401 -1.96196e-20)
(0.972818 0.109897 -9.68873e-21)
(0.967136 0.125971 -9.85893e-21)
(0.961021 0.143709 -9.83232e-21)
(0.954553 0.163383 0)
(0.947842 0.185295 -1.92372e-20)
(0.941049 0.209772 -9.70354e-21)
(0.934394 0.237151 -1.89155e-20)
(0.928177 0.267748 -9.54274e-21)
(0.922734 0.301835 -2.84076e-19)
(0.918363 0.339613 2.89474e-19)
(0.916112 0.380683 0)
(0.999819 0.00739421 0)
(0.999261 0.0181005 9.90222e-21)
(0.9982 0.0289248 5.02078e-21)
(0.99667 0.0400227 0)
(0.994704 0.0515383 8.81279e-20)
(0.992314 0.0636217 -7.79218e-20)
(0.989513 0.0764357 1.60539e-19)
(0.986327 0.0901559 -1.5472e-19)
(0.982793 0.104974 1.45092e-20)
(0.978964 0.1211 4.93687e-21)
(0.974914 0.138768 0)
(0.970745 0.158231 0)
(0.966599 0.179771 0)
(0.962663 0.203688 3.05377e-19)
(0.95919 0.230295 -5.83436e-19)
(0.956504 0.2599 1.04107e-20)
(0.955022 0.292758 2.81461e-19)
(0.955238 0.329023 0)
(0.957698 0.368681 0)
(0.963461 0.410731 2.55097e-19)
(0.999854 0.00811136 0)
(0.999412 0.0197934 -3.85476e-20)
(0.998623 0.0316306 -3.37294e-20)
(0.997513 0.0437869 7.6987e-20)
(0.996107 0.0564193 7.69918e-20)
(0.994423 0.0696945 -2.30377e-19)
(0.992491 0.0837925 1.48088e-19)
(0.990356 0.0989072 0)
(0.988083 0.115247 -4.78035e-21)
(0.985759 0.133038 -1.45989e-19)
(0.983505 0.152524 2.98644e-19)
(0.981481 0.173965 -1.47719e-19)
(0.979898 0.19763 0)
(0.979036 0.22379 -2.86578e-19)
(0.979252 0.252694 5.6263e-19)
(0.980991 0.284525 -2.75757e-19)
(0.9848 0.31932 0)
(0.991333 0.356828 -2.52635e-19)
(1.00104 0.396361 2.47309e-19)
(1.01333 0.435759 -3.75166e-21)
(0.99995 0.00850283 0)
(0.999747 0.0206903 0)
(0.999347 0.0330337 0)
(0.998777 0.0456993 0)
(0.998073 0.0588471 0)
(0.997268 0.0726449 0)
(0.996408 0.0872729 0)
(0.995558 0.102923 0)
(0.994806 0.1198 0)
(0.994268 0.138123 0)
(0.994094 0.158122 0)
(0.994479 0.180037 0)
(0.995672 0.204111 0)
(0.997986 0.230573 0)
(1.00181 0.259614 0)
(1.00762 0.291333 0)
(1.01601 0.325648 0)
(1.02779 0.362119 0)
(1.04339 0.399655 0)
(1.06081 0.435222 0)
(0.999991 0.00852758 0)
(0.999957 0.0207489 0)
(0.999897 0.0331044 0)
(0.999831 0.0457527 0)
(0.999787 0.0588417 0)
(0.999807 0.0725228 0)
(0.999946 0.086955 0)
(1.00028 0.102304 0)
(1.0009 0.118743 0)
(1.00195 0.136452 0)
(1.00357 0.155613 0)
(1.00598 0.17641 0)
(1.00942 0.199019 0)
(1.01422 0.223593 0)
(1.02074 0.250235 0)
(1.02945 0.27896 0)
(1.04088 0.309601 0)
(1.0558 0.341638 0)
(1.07456 0.373874 0)
(1.09442 0.404149 0)
(1.00003 0.00849775 0)
(1.00015 0.0206732 0)
(1.0004 0.0329716 0)
(1.00079 0.0455392 0)
(1.00135 0.0585109 0)
(1.00212 0.0720232 0)
(1.00316 0.0862167 0)
(1.00456 0.101236 0)
(1.0064 0.117226 0)
(1.00883 0.134336 0)
(1.01201 0.152709 0)
(1.01613 0.172483 0)
(1.02145 0.19378 0)
(1.02825 0.216689 0)
(1.03689 0.241245 0)
(1.04777 0.26739 0)
(1.06135 0.294896 0)
(1.07824 0.323219 0)
(1.09874 0.351209 0)
(1.12082 0.377058 0)
(1.00006 0.00837229 0)
(1.00033 0.0203691 0)
(1.00086 0.0324774 0)
(1.00167 0.0448303 0)
(1.00277 0.0575498 0)
(1.00421 0.0707571 0)
(1.00606 0.0845756 0)
(1.0084 0.0991288 0)
(1.01132 0.114539 0)
(1.01496 0.130926 0)
(1.01947 0.148401 0)
(1.02505 0.167064 0)
(1.03192 0.186994 0)
(1.04034 0.208234 0)
(1.05063 0.230771 0)
(1.06314 0.254503 0)
(1.07824 0.279179 0)
(1.09637 0.304284 0)
(1.1178 0.328805 0)
(1.14114 0.351106 0)
(1.00009 0.00815622 0)
(1.00048 0.0198478 0)
(1.00126 0.03164 0)
(1.00244 0.0436515 0)
(1.00402 0.0559904 0)
(1.00606 0.0687628 0)
(1.00862 0.0820747 0)
(1.01177 0.09603 0)
(1.01562 0.110729 0)
(1.02029 0.126265 0)
(1.02593 0.142722 0)
(1.0327 0.160168 0)
(1.04083 0.178645 0)
(1.05053 0.198163 0)
(1.06208 0.218676 0)
(1.07576 0.240057 0)
(1.09189 0.26205 0)
(1.11077 0.284189 0)
(1.13263 0.305596 0)
(1.15655 0.32482 0)
(1.00012 0.00786455 0)
(1.00061 0.0191433 0)
(1.00161 0.0305127 0)
(1.00311 0.0420769 0)
(1.00511 0.0539298 0)
(1.00766 0.0661629 0)
(1.01083 0.0788658 0)
(1.01468 0.0921245 0)
(1.01932 0.106019 0)
(1.02485 0.120621 0)
(1.03141 0.13599 0)
(1.03915 0.152167 0)
(1.04826 0.16917 0)
(1.05894 0.18698 0)
(1.07141 0.205532 0)
(1.08591 0.224686 0)
(1.10268 0.244195 0)
(1.12194 0.263637 0)
(1.14387 0.282253 0)
(1.16791 0.298763 0)
(1.00014 0.00750865 0)
(1.00072 0.0182819 0)
(1.00191 0.0291366 0)
(1.00368 0.0401625 0)
(1.00604 0.0514402 0)
(1.00903 0.0630473 0)
(1.01271 0.0750586 0)
(1.01715 0.0875439 0)
(1.02243 0.100566 0)
(1.02867 0.114178 0)
(1.03597 0.128419 0)
(1.04448 0.14331 0)
(1.05435 0.15885 0)
(1.06576 0.175003 0)
(1.07888 0.19169 0)
(1.09391 0.208769 0)
(1.11102 0.226009 0)
(1.13038 0.243031 0)
(1.15212 0.259176 0)
(1.17593 0.273319 0)
(1.00016 0.00709833 0)
(1.00082 0.0172871 0)
(1.00216 0.0275487 0)
(1.00416 0.0379591 0)
(1.00682 0.0485868 0)
(1.01017 0.0594967 0)
(1.01428 0.0707501 0)
(1.01921 0.0824028 0)
(1.02502 0.0945027 0)
(1.03182 0.107087 0)
(1.03972 0.120181 0)
(1.04882 0.13379 0)
(1.05926 0.147898 0)
(1.07118 0.162458 0)
(1.08472 0.177387 0)
(1.10005 0.192545 0)
(1.11729 0.20772 0)
(1.13655 0.222575 0)
(1.15793 0.236542 0)
(1.18127 0.248637 0)
(1.00017 0.00664261 0)
(1.00089 0.016181 0)
(1.00236 0.0257836 0)
(1.00456 0.0355147 0)
(1.00747 0.0454311 0)
(1.01112 0.0555866 0)
(1.01558 0.0660306 0)
(1.0209 0.0768068 0)
(1.02714 0.087951 0)
(1.03438 0.0994883 0)
(1.04273 0.111431 0)
(1.05227 0.123774 0)
(1.06311 0.136493 0)
(1.07538 0.149535 0)
(1.08919 0.162815 0)
(1.10464 0.176201 0)
(1.12185 0.189502 0)
(1.14087 0.20242 0)
(1.16176 0.21447 0)
(1.1845 0.224797 0)
(1.00019 0.00614959 0)
(1.00096 0.0149831 0)
(1.00253 0.023873 0)
(1.00488 0.0328723 0)
(1.00799 0.0420283 0)
(1.01189 0.0513844 0)
(1.01663 0.0609802 0)
(1.02226 0.070849 0)
(1.02883 0.0810167 0)
(1.03642 0.0914988 0)
(1.0451 0.102299 0)
(1.05496 0.113404 0)
(1.06609 0.124785 0)
(1.07857 0.136386 0)
(1.09249 0.148125 0)
(1.10795 0.159881 0)
(1.12501 0.171482 0)
(1.1437 0.182671 0)
(1.16405 0.193031 0)
(1.18608 0.20183 0)
(1.00019 0.00562637 0)
(1.00101 0.0137108 0)
(1.00267 0.0218443 0)
(1.00515 0.0300702 0)
(1.00842 0.0384269 0)
(1.01251 0.0469493 0)
(1.01747 0.0556683 0)
(1.02334 0.0646092 0)
(1.03017 0.0737895 0)
(1.03801 0.0832178 0)
(1.04694 0.0928911 0)
(1.05702 0.102793 0)
(1.06832 0.112889 0)
(1.08091 0.123126 0)
(1.09486 0.133428 0)
(1.11023 0.143684 0)
(1.12706 0.153743 0)
(1.14537 0.163383 0)
(1.16515 0.172253 0)
(1.18646 0.179726 0)
(1.0002 0.00507911 0)
(1.00105 0.0123793 0)
(1.00278 0.0197215 0)
(1.00535 0.0271409 0)
(1.00875 0.0346684 0)
(1.013 0.0423315 0)
(1.01813 0.050154 0)
(1.02418 0.0581544 0)
(1.0312 0.0663441 0)
(1.03923 0.0747264 0)
(1.04833 0.083294 0)
(1.05855 0.0920279 0)
(1.06994 0.100894 0)
(1.08257 0.109843 0)
(1.09647 0.118802 0)
(1.11169 0.127675 0)
(1.12826 0.136331 0)
(1.14616 0.14458 0)
(1.16538 0.152128 0)
(1.18597 0.158444 0)
(1.00021 0.00451303 0)
(1.00108 0.0110012 0)
(1.00286 0.017525 0)
(1.00551 0.0241126 0)
(1.00901 0.0307883 0)
(1.01337 0.0375736 0)
(1.01863 0.0444864 0)
(1.02482 0.0515399 0)
(1.03198 0.058741 0)
(1.04014 0.0660891 0)
(1.04935 0.0735748 0)
(1.05965 0.0811782 0)
(1.07108 0.0888669 0)
(1.08369 0.0965947 0)
(1.0975 0.104298 0)
(1.11254 0.111893 0)
(1.12882 0.119266 0)
(1.14631 0.126259 0)
(1.165 0.132627 0)
(1.1849 0.137925 0)
(1.00021 0.00393249 0)
(1.00111 0.00958731 0)
(1.00293 0.015272 0)
(1.00564 0.0210085 0)
(1.00921 0.0268159 0)
(1.01365 0.0327104 0)
(1.01901 0.0387056 0)
(1.0253 0.0448102 0)
(1.03255 0.0510281 0)
(1.0408 0.0573563 0)
(1.05007 0.0637844 0)
(1.06041 0.0702931 0)
(1.07184 0.0768526 0)
(1.0844 0.0834218 0)
(1.09809 0.0899457 0)
(1.11294 0.0963523 0)
(1.12893 0.102547 0)
(1.14604 0.108397 0)
(1.16423 0.113703 0)
(1.1835 0.118096 0)
(1.00022 0.00334111 0)
(1.00112 0.00814652 0)
(1.00297 0.0129764 0)
(1.00573 0.0178477 0)
(1.00935 0.0227749 0)
(1.01386 0.0277703 0)
(1.01929 0.0328434 0)
(1.02564 0.0380003 0)
(1.03296 0.0432424 0)
(1.04126 0.0485657 0)
(1.05057 0.0539596 0)
(1.06092 0.0594066 0)
(1.07232 0.0648804 0)
(1.08481 0.0703457 0)
(1.09837 0.0757558 0)
(1.11302 0.0810512 0)
(1.12875 0.0861536 0)
(1.14551 0.0909559 0)
(1.16325 0.0952964 0)
(1.18196 0.0988772 0)
(1.00022 0.00274182 0)
(1.00114 0.00668602 0)
(1.00301 0.0106498 0)
(1.00579 0.0146457 0)
(1.00946 0.0186845 0)
(1.01401 0.0227754 0)
(1.01948 0.026925 0)
(1.02589 0.031137 0)
(1.03324 0.0354115 0)
(1.04157 0.0397442 0)
(1.0509 0.0441255 0)
(1.06124 0.04854 0)
(1.0726 0.0529659 0)
(1.085 0.0573737 0)
(1.09844 0.0617257 0)
(1.11291 0.0659736 0)
(1.1284 0.0700553 0)
(1.14485 0.0738862 0)
(1.16222 0.0773396 0)
(1.18045 0.0801805 0)
(1.00022 0.00213705 0)
(1.00114 0.00521177 0)
(1.00303 0.00830132 0)
(1.00584 0.0114148 0)
(1.00953 0.0145601 0)
(1.01411 0.0177434 0)
(1.01962 0.0209693 0)
(1.02605 0.0242401 0)
(1.03343 0.027555 0)
(1.04177 0.0309101 0)
(1.0511 0.0342973 0)
(1.06142 0.0377043 0)
(1.07274 0.0411136 0)
(1.08506 0.0445022 0)
(1.09839 0.0478409 0)
(1.11271 0.0510928 0)
(1.12799 0.0542106 0)
(1.14419 0.0571305 0)
(1.16125 0.0597577 0)
(1.17908 0.061915 0)
(1.00022 0.00152844 0)
(1.00115 0.00372826 0)
(1.00305 0.00593822 0)
(1.00587 0.00816464 0)
(1.00957 0.010413 0)
(1.01418 0.0126873 0)
(1.0197 0.0149903 0)
(1.02615 0.0173234 0)
(1.03354 0.0196856 0)
(1.04189 0.0220739 0)
(1.05121 0.024482 0)
(1.06151 0.0269011 0)
(1.07279 0.0293184 0)
(1.08505 0.0317174 0)
(1.09829 0.0340775 0)
(1.11248 0.0363726 0)
(1.1276 0.0385695 0)
(1.14361 0.0406239 0)
(1.16043 0.0424701 0)
(1.17796 0.0439848 0)
(1.00022 0.000915786 0)
(1.00115 0.00223698 0)
(1.00306 0.00356375 0)
(1.00588 0.00490017 0)
(1.0096 0.00624971 0)
(1.01422 0.00761446 0)
(1.01975 0.00899581 0)
(1.02621 0.0103943 0)
(1.0336 0.0118095 0)
(1.04195 0.0132391 0)
(1.05127 0.0146796 0)
(1.06154 0.0161253 0)
(1.07279 0.0175686 0)
(1.08501 0.0189997 0)
(1.09818 0.0204061 0)
(1.11229 0.0217725 0)
(1.1273 0.023079 0)
(1.14317 0.0242998 0)
(1.15983 0.0253965 0)
(1.17717 0.0262959 0)
(1.00022 0.000304165 0)
(1.00116 0.000744829 0)
(1.00306 0.00118729 0)
(1.00589 0.00163309 0)
(1.00961 0.00208351 0)
(1.01423 0.00253912 0)
(1.01977 0.0030003 0)
(1.02623 0.00346723 0)
(1.03363 0.0039397 0)
(1.04198 0.00441699 0)
(1.05128 0.00489786 0)
(1.06155 0.00538044 0)
(1.07278 0.00586218 0)
(1.08497 0.00633976 0)
(1.09811 0.00680904 0)
(1.11218 0.00726487 0)
(1.12713 0.00770072 0)
(1.14294 0.00810796 0)
(1.15952 0.00847385 0)
(1.17675 0.00877358 0)
(1.10265 0.448395 -2.52779e-21)
(1.15938 0.45326 -1.55421e-19)
(1.2154 0.453017 0)
(1.26941 0.446175 -1.19503e-19)
(1.32144 0.433052 0)
(1.37055 0.414208 -7.61376e-20)
(1.41548 0.39014 3.0914e-20)
(1.45475 0.361065 -7.09979e-22)
(1.48661 0.327276 0)
(1.50934 0.289286 0)
(1.13168 0.416924 1.63918e-19)
(1.18336 0.420226 0)
(1.233 0.418134 1.32966e-19)
(1.28086 0.410633 0)
(1.32754 0.398318 -2.84508e-21)
(1.37223 0.381621 4.52388e-20)
(1.41388 0.360885 2.92278e-21)
(1.45133 0.336402 -5.17849e-22)
(1.48324 0.308248 5.09211e-22)
(1.50816 0.276711 6.23566e-22)
(1.15499 0.387826 -1.66799e-19)
(1.20113 0.388847 0)
(1.24516 0.385137 -1.30727e-19)
(1.28794 0.377353 -4.00733e-21)
(1.33013 0.365921 1.03872e-19)
(1.37099 0.351086 -4.25138e-20)
(1.40964 0.333109 3.44925e-21)
(1.44522 0.312277 -9.31352e-22)
(1.47667 0.288615 0)
(1.50283 0.262279 -1.8026e-21)
(1.17298 0.359091 0)
(1.21406 0.358131 1.43207e-19)
(1.25342 0.353482 -3.87636e-21)
(1.29199 0.345811 7.4673e-21)
(1.33037 0.33531 -1.1128e-19)
(1.36788 0.322123 3.10252e-21)
(1.40382 0.306476 -3.59907e-20)
(1.43752 0.288655 0)
(1.46818 0.268669 -1.08386e-20)
(1.49483 0.246593 1.42291e-21)
(1.18638 0.33058 -1.54294e-19)
(1.22305 0.328479 1.06677e-21)
(1.25853 0.323491 -8.28624e-21)
(1.29363 0.316159 7.53158e-21)
(1.32879 0.306569 -3.61486e-21)
(1.36344 0.294833 -2.66775e-21)
(1.39698 0.281159 3.83531e-21)
(1.42891 0.265817 1.42673e-20)
(1.45858 0.248827 1.15e-20)
(1.48523 0.23023 0)
(1.19591 0.302867 3.10212e-19)
(1.22887 0.300184 -2.87068e-19)
(1.26116 0.29518 -3.92995e-21)
(1.2934 0.288294 4.03405e-21)
(1.32587 0.279579 0)
(1.35808 0.269136 4.8863e-20)
(1.38954 0.257153 1.17698e-21)
(1.41983 0.243875 -1.84456e-20)
(1.44844 0.229344 9.25169e-22)
(1.47476 0.213588 -2.48307e-21)
(1.20228 0.276189 -1.55893e-19)
(1.23219 0.27325 1.48951e-19)
(1.26188 0.268415 -8.35975e-21)
(1.29176 0.262038 4.06396e-21)
(1.32199 0.254166 5.61382e-20)
(1.35215 0.244889 -1.83228e-21)
(1.38181 0.234374 4.69789e-20)
(1.41062 0.222841 0)
(1.43816 0.210351 7.40966e-21)
(1.46394 0.196933 2.50018e-21)
(1.20616 0.250603 0)
(1.2336 0.24762 0)
(1.26117 0.243072 0)
(1.28912 0.237242 6.60914e-20)
(1.31749 0.230175 -1.17564e-19)
(1.34591 0.221954 9.33364e-22)
(1.37402 0.212726 -2.01497e-20)
(1.4015 0.202688 -2.39072e-21)
(1.42801 0.191915 -1.43471e-20)
(1.45313 0.180441 0)
(1.20811 0.226114 -7.63707e-20)
(1.23358 0.223226 0)
(1.25944 0.219035 -4.06305e-21)
(1.2858 0.213764 -5.52192e-20)
(1.31262 0.20746 5.38486e-20)
(1.33958 0.200199 -5.18665e-20)
(1.36635 0.192111 -2.29062e-20)
(1.39266 0.18337 -1.1492e-21)
(1.4182 0.174062 1.75947e-20)
(1.44262 0.164222 0)
(1.2086 0.20269 1.54466e-19)
(1.23252 0.199983 0)
(1.25699 0.196185 -4.11318e-21)
(1.28205 0.19147 -5.60015e-20)
(1.30759 0.185884 -3.868e-21)
(1.33332 0.179499 3.1444e-21)
(1.35896 0.17243 2.23307e-20)
(1.38423 0.164828 -2.3721e-20)
(1.40887 0.156786 -7.81361e-21)
(1.43257 0.148341 4.89305e-22)
(1.20805 0.180269 -7.57017e-20)
(1.23075 0.177796 2.05435e-21)
(1.25411 0.174405 -4.50293e-21)
(1.27811 0.17023 6.85612e-20)
(1.30259 0.165318 -3.91616e-21)
(1.3273 0.159736 0)
(1.35195 0.153584 4.43704e-22)
(1.37631 0.146996 -5.67397e-22)
(1.40013 0.140063 -9.27274e-21)
(1.42315 0.132825 0)
(1.20678 0.158774 -2.36536e-21)
(1.22853 0.156563 6.88055e-21)
(1.25102 0.153577 -8.75506e-21)
(1.27416 0.149922 8.184e-21)
(1.29777 0.145642 -3.96193e-21)
(1.32161 0.1408 -3.27974e-21)
(1.34544 0.135482 -2.00099e-20)
(1.369 0.129804 1.91054e-20)
(1.39209 0.123858 2.02046e-20)
(1.41444 0.117678 0)
(1.20507 0.138116 0)
(1.2261 0.136179 -7.48027e-20)
(1.2479 0.13359 0)
(1.27035 0.130432 3.31321e-20)
(1.29325 0.126746 0)
(1.31638 0.122589 0)
(1.33949 0.118035 1.50158e-21)
(1.36237 0.113184 -1.50682e-21)
(1.38479 0.108125 -9.65596e-21)
(1.40654 0.102889 0)
(1.20315 0.118201 7.67029e-20)
(1.22364 0.11654 7.82405e-20)
(1.24491 0.114335 0)
(1.26681 0.111651 4.0444e-21)
(1.28913 0.108524 -3.51234e-20)
(1.31166 0.105004 -3.38779e-21)
(1.33418 0.101157 -9.5816e-21)
(1.35647 0.0970669 -1.35895e-21)
(1.37831 0.0928164 -3.73441e-21)
(1.39951 0.0884343 0)
(1.2012 0.0989309 -1.20044e-19)
(1.22129 0.0975429 -3.81314e-20)
(1.24217 0.0957078 -4.3541e-21)
(1.26364 0.0934743 -2.53331e-20)
(1.2855 0.0908759 5.86099e-20)
(1.30755 0.0879562 0)
(1.32957 0.084769 1.45911e-20)
(1.35135 0.081385 -1.55527e-21)
(1.37269 0.0778812 5.09946e-21)
(1.39339 0.0742811 1.1212e-21)
(1.19938 0.080207 4.03711e-20)
(1.2192 0.0790852 4.32373e-20)
(1.23979 0.0776047 2.7282e-20)
(1.26094 0.075803 4.41407e-21)
(1.28243 0.0737079 -3.15995e-20)
(1.30409 0.071356 0)
(1.3257 0.0687915 1.3279e-20)
(1.34705 0.0660716 -7.38898e-21)
(1.36796 0.0632659 1.3934e-21)
(1.38823 0.0603923 -1.12704e-21)
(1.19779 0.061929 4.05594e-20)
(1.21744 0.0610654 0)
(1.23785 0.0599268 -4.11339e-20)
(1.25876 0.0585408 2.57528e-20)
(1.27999 0.0569291 -4.14298e-21)
(1.30134 0.0551209 3.50161e-21)
(1.32262 0.0531505 -1.52418e-20)
(1.34362 0.0510623 -3.05207e-21)
(1.36416 0.0489172 1.41191e-21)
(1.38406 0.046727 0)
(1.19654 0.0439944 -1.80164e-20)
(1.21611 0.0433829 2.23426e-21)
(1.23642 0.042577 -4.76344e-21)
(1.25718 0.0415955 4.15979e-21)
(1.27821 0.0404532 -4.16782e-21)
(1.29933 0.0391716 7.38274e-21)
(1.32035 0.0377751 0)
(1.34107 0.0362954 6.05138e-21)
(1.36131 0.0347826 -2.69898e-21)
(1.3809 0.0332425 5.92389e-22)
(1.1957 0.0263025 -2.06021e-20)
(1.21528 0.0259346 4.7831e-21)
(1.23555 0.0254501 4.24049e-24)
(1.25624 0.0248618 -1.28937e-20)
(1.27715 0.024178 -4.03041e-21)
(1.29811 0.0234119 -1.46644e-20)
(1.31894 0.0225783 5.14781e-21)
(1.33944 0.0216959 -7.99789e-23)
(1.35944 0.0208013 2.70737e-21)
(1.37879 0.0198934 -5.95031e-22)
(1.19532 0.00876639 0)
(1.21497 0.0086191 0)
(1.23529 0.00843294 -1.49589e-20)
(1.25598 0.00821935 4.88785e-21)
(1.27683 0.00798241 4.39041e-21)
(1.29769 0.00772587 4.04302e-21)
(1.31839 0.00745365 1.75616e-21)
(1.33874 0.00717089 -4.99837e-21)
(1.35857 0.00689624 1.57398e-21)
(1.37774 0.00662064 0)
)
;

boundaryField
{
    down
    {
        type            symmetryPlane;
    }
    right
    {
        type            zeroGradient;
    }
    up
    {
        type            symmetryPlane;
    }
    left
    {
        type            fixedValue;
        value           uniform (1 0 0);
    }
    cylinder
    {
        type            noSlip;
    }
    defaultFaces
    {
        type            empty;
    }
}


// ************************************************************************* //
