/*--------------------------------*- C++ -*----------------------------------*\
  =========                 |
  \\      /  F ield         | OpenFOAM: The Open Source CFD Toolbox
   \\    /   O peration     | Website:  https://openfoam.org
    \\  /    A nd           | Version:  6
     \\/     M anipulation  |
\*---------------------------------------------------------------------------*/
FoamFile
{
    version     2.0;
    format      ascii;
    class       volVectorField;
    location    "0.58";
    object      U;
}
// * * * * * * * * * * * * * * * * * * * * * * * * * * * * * * * * * * * * * //

dimensions      [0 1 -1 0 0 0 0];

internalField   nonuniform List<vector> 
2000
(
(0.569753 -0.44535 4.41913e-20)
(0.638128 -0.393314 0)
(0.705193 -0.347544 7.16841e-20)
(0.766202 -0.30989 2.94802e-20)
(0.821554 -0.278214 -5.77488e-20)
(0.871772 -0.250933 -7.03018e-20)
(0.917274 -0.227049 2.17104e-20)
(0.958594 -0.205727 0)
(0.996463 -0.186284 -1.7553e-20)
(1.02823 -0.17336 0)
(0.671324 -0.451856 -2.22381e-20)
(0.73676 -0.396079 1.76451e-20)
(0.801578 -0.346255 -8.62853e-20)
(0.860471 -0.305207 -1.07843e-19)
(0.913613 -0.270734 -3.83652e-21)
(0.961432 -0.24119 2.20861e-20)
(1.00432 -0.215556 -2.75735e-20)
(1.04275 -0.193039 -2.17541e-20)
(1.07712 -0.173251 1.74136e-20)
(1.1045 -0.160093 3.13248e-20)
(0.776418 -0.445457 2.34096e-20)
(0.837648 -0.387177 -2.94528e-20)
(0.898815 -0.334262 4.26389e-20)
(0.954171 -0.29067 -4.48644e-21)
(1.00367 -0.254183 3.22415e-20)
(1.04763 -0.223109 2.81264e-20)
(1.08638 -0.196407 2.46191e-20)
(1.12034 -0.173293 2.16083e-20)
(1.14984 -0.15333 2.10529e-20)
(1.17285 -0.139391 -1.92822e-20)
(0.882369 -0.425079 -2.62508e-21)
(0.938297 -0.365783 -3.27359e-20)
(0.994516 -0.310986 0)
(1.04504 -0.265908 3.65622e-20)
(1.08963 -0.228358 -4.01921e-20)
(1.12855 -0.196603 0)
(1.16211 -0.169572 0)
(1.19072 -0.146429 0)
(1.21479 -0.126617 -2.09727e-20)
(1.2331 -0.112312 3.48809e-20)
(0.986258 -0.390139 6.05887e-20)
(1.03604 -0.331511 -2.41591e-21)
(1.08622 -0.276262 2.85499e-20)
(1.13083 -0.230959 2.06307e-20)
(1.16952 -0.19348 2.11698e-20)
(1.2025 -0.162078 1.82723e-20)
(1.23012 -0.13566 0)
(1.25287 -0.113358 1.37145e-20)
(1.27122 -0.0945443 -5.68749e-20)
(1.28462 -0.0808328 7.4785e-20)
(1.08503 -0.340623 -9.59053e-20)
(1.12814 -0.284471 5.59071e-21)
(1.17149 -0.230368 -5.5964e-20)
(1.2094 -0.186252 5.1739e-20)
(1.24146 -0.150115 -6.20691e-20)
(1.26791 -0.120221 2.20761e-20)
(1.28915 -0.0954687 0)
(1.30573 -0.0749736 -1.37e-20)
(1.31823 -0.0580677 1.19736e-20)
(1.32655 -0.0458694 4.05051e-20)
(1.17563 -0.277115 0)
(1.21192 -0.225285 0)
(1.24799 -0.174024 -2.91998e-20)
(1.27875 -0.1326 2.89073e-20)
(1.30381 -0.0991459 -2.1506e-20)
(1.32345 -0.0719632 2.11592e-20)
(1.33816 -0.0499553 3.18803e-20)
(1.34856 -0.0322316 -3.12684e-20)
(1.3553 -0.0180981 -2.40716e-20)
(1.3586 -0.00822677 1.24858e-20)
(1.25516 -0.200805 1.91212e-20)
(1.28488 -0.155084 0)
(1.31361 -0.108379 -1.38345e-20)
(1.33714 -0.0711572 5.60738e-20)
(1.35517 -0.0417249 -3.75937e-20)
(1.36807 -0.0184347 0)
(1.37643 -0.00020492 0)
(1.38091 0.0138518 0)
(1.38222 0.0244468 -2.42132e-20)
(1.38081 0.0313129 2.37032e-20)
(1.32098 -0.113447 -1.03119e-20)
(1.34478 -0.0754757 -1.19028e-21)
(1.36651 -0.0349647 -1.65031e-20)
(1.38312 -0.00339342 7.1072e-21)
(1.39447 0.0207581 6.74413e-21)
(1.40103 0.0390658 1.10686e-20)
(1.40349 0.0525892 0)
(1.40259 0.0622016 -3.6482e-21)
(1.39905 0.0686227 -1.5e-20)
(1.39344 0.071958 1.16678e-20)
(1.37085 -0.0173076 0)
(1.38975 0.0115145 -9.99716e-21)
(1.40523 0.0443442 0)
(1.41559 0.0689658 -3.81265e-21)
(1.42094 0.0867206 -3.71654e-21)
(1.42188 0.0991056 -5.49462e-21)
(1.41918 0.107147 0)
(1.41365 0.111691 3.6696e-21)
(1.40603 0.113456 3.12282e-21)
(1.39689 0.112892 2.40099e-21)
(0.0369623 -0.0253254 0)
(0.0916452 -0.0233293 -1.09839e-21)
(0.140143 -0.0218291 0)
(0.182053 -0.0206516 -1.35301e-21)
(0.219049 -0.0197124 -4.01746e-22)
(0.252175 -0.0189477 6.93163e-22)
(0.282139 -0.0183103 -6.91386e-22)
(0.309467 -0.01777 5.88659e-22)
(0.33457 -0.0173102 4.32693e-23)
(0.357965 -0.0168964 4.65915e-22)
(0.0462341 -0.0762416 -4.39921e-21)
(0.102071 -0.0702628 3.16168e-21)
(0.151794 -0.065607 -2.81656e-21)
(0.194952 -0.0619618 1.16926e-21)
(0.233134 -0.0590489 5.19225e-21)
(0.267409 -0.0566653 -1.94534e-21)
(0.298489 -0.0546686 0)
(0.32689 -0.0529696 -6.68898e-22)
(0.353044 -0.0515137 -5.71846e-22)
(0.377732 -0.050177 0)
(0.0646757 -0.127266 3.03381e-21)
(0.122424 -0.117149 0)
(0.174194 -0.109061 8.30962e-21)
(0.219418 -0.102721 -1.03341e-20)
(0.259633 -0.0976282 2.63254e-21)
(0.295908 -0.0934292 0)
(0.32895 -0.0898865 0)
(0.359256 -0.0868503 0)
(0.387271 -0.084223 4.62816e-21)
(0.414274 -0.0817083 -4.50082e-21)
(0.0926735 -0.178151 0)
(0.152871 -0.163523 -6.93425e-21)
(0.207342 -0.151687 1.30447e-20)
(0.255278 -0.142351 -6.07357e-21)
(0.29818 -0.1348 4.73447e-21)
(0.337109 -0.128523 -1.29144e-20)
(0.372752 -0.123184 8.81205e-22)
(0.405574 -0.11857 7.04209e-21)
(0.43603 -0.114531 5.11613e-21)
(0.466062 -0.110464 -7.32555e-21)
(0.130633 -0.228323 6.71215e-21)
(0.193562 -0.208777 -1.84638e-20)
(0.251124 -0.192803 -1.00855e-21)
(0.30217 -0.180118 1.26123e-22)
(0.348153 -0.16978 4.60026e-21)
(0.39011 -0.161118 -1.59259e-20)
(0.428702 -0.153692 0)
(0.464355 -0.147227 -4.12774e-21)
(0.497522 -0.141505 3.54607e-21)
(0.530887 -0.135461 -1.10697e-20)
(0.178899 -0.276908 1.64716e-22)
(0.244534 -0.252052 1.98722e-20)
(0.305268 -0.231535 7.90474e-21)
(0.359521 -0.21513 9.30576e-21)
(0.408665 -0.201666 6.08542e-21)
(0.4537 -0.190307 5.31367e-21)
(0.495251 -0.180511 0)
(0.533702 -0.171934 4.07517e-21)
(0.569497 -0.164274 9.9264e-21)
(0.60605 -0.15585 -4.20412e-21)
(0.23765 -0.322708 9.69857e-22)
(0.305635 -0.292232 1.26559e-20)
(0.369298 -0.266807 0)
(0.426526 -0.246345 -1.36058e-20)
(0.478576 -0.229447 1.61493e-20)
(0.52639 -0.215116 0)
(0.57055 -0.202717 0)
(0.611407 -0.191842 0)
(0.649389 -0.182085 -9.68345e-21)
(0.688537 -0.170977 -1.37568e-20)
(0.306795 -0.364229 -1.17649e-20)
(0.37646 -0.327976 1.47921e-20)
(0.442481 -0.297382 2.50699e-20)
(0.502131 -0.272606 3.26727e-21)
(0.556501 -0.252035 1.91869e-20)
(0.60645 -0.234528 1.67731e-20)
(0.652519 -0.219388 1.47111e-20)
(0.695044 -0.206176 1.29619e-20)
(0.734461 -0.194364 9.55628e-21)
(0.775227 -0.180529 -7.11303e-21)
(0.385872 -0.399745 -4.68356e-20)
(0.456277 -0.357781 -1.17255e-20)
(0.523796 -0.321917 -5.03844e-20)
(0.585018 -0.292698 -2.21517e-20)
(0.640819 -0.268315 3.21031e-21)
(0.691939 -0.247497 -1.41861e-20)
(0.738849 -0.22952 1.89844e-20)
(0.781886 -0.213961 -1.28032e-20)
(0.821565 -0.200218 1.25425e-20)
(0.862403 -0.184137 -2.0633e-20)
(0.473986 -0.427407 3.31842e-20)
(0.544 -0.380076 0)
(0.61192 -0.33906 2.87542e-20)
(0.673644 -0.305455 -4.40344e-22)
(0.729792 -0.27727 3.19068e-21)
(0.780955 -0.253086 1.99146e-20)
(0.82749 -0.232101 -5.48838e-20)
(0.869663 -0.213816 0)
(0.907901 -0.197675 -1.24044e-20)
(0.945118 -0.181518 0)
(0.379014 -0.0160077 0)
(0.398589 -0.0149624 -3.08354e-22)
(0.417014 -0.0140134 5.70705e-22)
(0.434383 -0.0131458 -2.31736e-22)
(0.450771 -0.0123617 0)
(0.466272 -0.0116534 1.49602e-22)
(0.480971 -0.0110104 -1.49508e-22)
(0.49494 -0.0104239 0)
(0.50824 -0.00988646 0)
(0.520925 -0.00939155 6.00079e-24)
(0.533041 -0.00893355 0)
(0.544628 -0.00850715 0)
(0.555721 -0.00810854 0)
(0.566348 -0.00773401 0)
(0.576539 -0.00738107 2.13153e-23)
(0.586313 -0.00704818 -2.13046e-23)
(0.595662 -0.00674147 0)
(0.604663 -0.00647596 2.15454e-23)
(0.613995 -0.00624976 -2.15402e-23)
(0.623543 -0.00600813 0)
(0.398728 -0.0474955 0)
(0.41706 -0.0444057 9.5944e-23)
(0.434599 -0.0415674 0)
(0.451164 -0.0389724 8.98998e-22)
(0.466779 -0.0366289 -8.75519e-22)
(0.48155 -0.0345115 4.42701e-23)
(0.495563 -0.0325887 -2.21558e-22)
(0.508882 -0.030834 3.99934e-22)
(0.521565 -0.0292261 -2.26027e-22)
(0.533661 -0.0277451 9.52075e-23)
(0.545214 -0.0263748 -2.51316e-23)
(0.556262 -0.0250994 9.74897e-23)
(0.566836 -0.0239074 -7.76262e-23)
(0.576967 -0.0227878 -1.0577e-22)
(0.58668 -0.0217348 8.80032e-23)
(0.595992 -0.020745 -2.95203e-23)
(0.604891 -0.0198277 -3.47985e-23)
(0.613492 -0.0190022 -1.0061e-22)
(0.622504 -0.0182885 1.00712e-22)
(0.631239 -0.0177107 -6.66693e-23)
(0.435072 -0.0772257 -1.37766e-22)
(0.451018 -0.0722832 -9.46916e-23)
(0.466846 -0.0676388 -8.70845e-23)
(0.481872 -0.0633925 0)
(0.496026 -0.0595684 -9.45686e-22)
(0.509436 -0.0561167 7.36928e-22)
(0.522186 -0.0529824 0)
(0.534331 -0.0501229 -5.48018e-23)
(0.545914 -0.0475028 -1.6641e-23)
(0.55698 -0.0450908 8.53389e-23)
(0.567566 -0.0428592 -1.1463e-22)
(0.577703 -0.0407841 1.46229e-23)
(0.58742 -0.0388449 8.57957e-24)
(0.596743 -0.0370256 1.78393e-23)
(0.605697 -0.035315 2.0941e-23)
(0.614295 -0.0337104 -9.44458e-23)
(0.622522 -0.0322202 4.2411e-23)
(0.630493 -0.0308638 1.48557e-22)
(0.638902 -0.029689 1.00975e-22)
(0.647043 -0.0288778 5.72165e-23)
(0.48642 -0.104179 -3.98336e-21)
(0.498976 -0.0976842 9.19239e-22)
(0.51233 -0.0913812 6.27362e-22)
(0.525152 -0.0856191 2.69883e-21)
(0.537232 -0.0804526 2.0249e-22)
(0.548725 -0.0757961 4.9505e-23)
(0.55971 -0.0715694 -1.10033e-21)
(0.570219 -0.0677149 7.81297e-22)
(0.580285 -0.0641846 4.4729e-22)
(0.589938 -0.0609364 -2.01976e-22)
(0.599206 -0.0579327 1.19965e-22)
(0.608112 -0.0551415 6.25429e-23)
(0.616678 -0.0525353 -8.56634e-24)
(0.624925 -0.0500925 -1.50099e-22)
(0.632872 -0.0477986 1.08096e-22)
(0.64053 -0.0456502 2.1983e-22)
(0.647883 -0.043658 -1.96428e-22)
(0.655028 -0.0418458 0)
(0.66261 -0.040283 -1.43409e-22)
(0.669964 -0.0392315 -6.0848e-23)
(0.550436 -0.127422 1.03848e-20)
(0.558783 -0.119784 -3.37973e-21)
(0.568991 -0.11205 3.68081e-21)
(0.579037 -0.104972 0)
(0.588535 -0.0986575 -1.39524e-22)
(0.597655 -0.0929772 -1.79966e-21)
(0.606467 -0.0878236 2.7416e-22)
(0.614975 -0.0831254 3.31761e-22)
(0.62319 -0.0788245 1.12392e-21)
(0.631127 -0.0748691 3.62153e-23)
(0.6388 -0.0712139 0)
(0.646224 -0.0678197 -5.4962e-24)
(0.653409 -0.0646531 0)
(0.660368 -0.0616879 2.13118e-23)
(0.667114 -0.0589058 0)
(0.673654 -0.0563026 0)
(0.679969 -0.0538909 -5.56807e-23)
(0.686134 -0.0516996 1.49308e-22)
(0.692727 -0.0498132 -1.36585e-22)
(0.699141 -0.0485505 1.1062e-22)
(0.624302 -0.146174 0)
(0.627837 -0.137895 -2.70014e-22)
(0.634347 -0.129059 -7.06161e-21)
(0.641166 -0.120936 6.89996e-21)
(0.647692 -0.113716 -1.9468e-22)
(0.654102 -0.10723 0)
(0.660445 -0.101347 -1.75592e-21)
(0.666692 -0.0959859 3.06119e-21)
(0.672824 -0.0910794 -1.5005e-21)
(0.678837 -0.0865689 -6.76338e-23)
(0.684729 -0.0824031 -4.90087e-23)
(0.6905 -0.0785376 -3.20178e-23)
(0.69615 -0.0749344 0)
(0.701681 -0.071563 -9.14855e-23)
(0.707099 -0.0684024 2.89079e-22)
(0.712405 -0.0654463 -1.88892e-22)
(0.717575 -0.0627082 3.38701e-23)
(0.722662 -0.0602206 4.54064e-23)
(0.728162 -0.0580799 -6.64023e-23)
(0.733542 -0.0566484 9.18762e-23)
(0.704915 -0.159833 1.40178e-20)
(0.703268 -0.151432 0)
(0.705674 -0.141948 -2.9796e-22)
(0.708965 -0.133155 4.84857e-22)
(0.712277 -0.125332 4.18695e-22)
(0.715763 -0.118292 1.92853e-22)
(0.719457 -0.1119 1.61753e-22)
(0.723292 -0.106071 -1.63216e-21)
(0.727214 -0.100738 1.95402e-21)
(0.731194 -0.0958352 1.22184e-21)
(0.73521 -0.0913096 -1.02664e-21)
(0.739245 -0.0871128 8.05245e-23)
(0.743288 -0.0832043 -1.30534e-22)
(0.747328 -0.0795502 1.15352e-22)
(0.751361 -0.0761271 9.71186e-24)
(0.755382 -0.0729264 -9.85855e-24)
(0.759363 -0.069961 7.80738e-23)
(0.763334 -0.067265 1.13095e-23)
(0.767699 -0.0649431 -2.38125e-22)
(0.772014 -0.0633878 -5.86702e-23)
(0.789152 -0.168238 0)
(0.782199 -0.160007 -1.1207e-20)
(0.780173 -0.150315 1.16898e-20)
(0.779787 -0.141304 -2.56297e-22)
(0.779824 -0.133254 -4.87081e-22)
(0.780323 -0.125969 -1.8927e-22)
(0.781304 -0.119325 -3.50717e-22)
(0.78268 -0.113251 0)
(0.784363 -0.107683 -1.08516e-22)
(0.786293 -0.102562 -8.66017e-23)
(0.788426 -0.097833 -8.73019e-23)
(0.790727 -0.0934499 -1.15636e-22)
(0.793167 -0.0893689 0)
(0.795726 -0.085558 0)
(0.798386 -0.0819891 -2.71158e-24)
(0.801135 -0.0786543 7.32116e-23)
(0.803944 -0.0755619 -4.72599e-23)
(0.806817 -0.072749 1.78024e-23)
(0.810064 -0.0703203 1.56461e-22)
(0.813339 -0.0686864 -4.5432e-23)
(0.873708 -0.172049 1.88999e-20)
(0.862226 -0.164195 0)
(0.855433 -0.154492 0)
(0.85115 -0.145511 -9.5095e-21)
(0.847943 -0.137493 1.70318e-21)
(0.845532 -0.130223 1.5468e-20)
(0.843864 -0.123579 -7.00204e-21)
(0.842841 -0.117488 0)
(0.84235 -0.111891 0)
(0.842301 -0.106731 0)
(0.842625 -0.101962 2.94127e-23)
(0.843267 -0.0975369 1.12635e-22)
(0.844181 -0.0934183 7.89489e-22)
(0.845333 -0.0895712 -7.69132e-22)
(0.846694 -0.0859723 1.50882e-22)
(0.848243 -0.0826079 -1.47049e-22)
(0.849947 -0.0794887 0)
(0.851791 -0.0766461 -1.64528e-23)
(0.853986 -0.0741857 -3.17741e-23)
(0.856295 -0.072515 0)
(0.953158 -0.171545 -3.33486e-22)
(0.940972 -0.165485 -1.69087e-20)
(0.929993 -0.156663 1.73358e-20)
(0.921393 -0.148074 0)
(0.914751 -0.140148 1.0416e-20)
(0.909461 -0.132871 -1.95974e-20)
(0.905246 -0.126201 9.13713e-21)
(0.901948 -0.120078 0)
(0.899423 -0.114447 2.74959e-21)
(0.897541 -0.109254 -5.07905e-21)
(0.896201 -0.104454 2.37604e-21)
(0.895326 -0.100005 -4.55184e-23)
(0.894852 -0.0958685 0)
(0.894728 -0.0920119 -9.02778e-22)
(0.894915 -0.088411 1.18743e-21)
(0.895381 -0.0850501 -3.07006e-22)
(0.89609 -0.0819363 -8.88893e-23)
(0.897012 -0.0790963 9.09038e-23)
(0.898258 -0.0766276 -3.23528e-24)
(0.899702 -0.0749188 0)
(1.03052 -0.156689 0)
(1.0171 -0.153384 0)
(1.00273 -0.147117 0)
(0.989876 -0.140716 0)
(0.979812 -0.134487 0)
(0.971729 -0.128466 0)
(0.965053 -0.122753 0)
(0.959537 -0.117394 0)
(0.954998 -0.112383 0)
(0.951273 -0.107706 0)
(0.948236 -0.103338 0)
(0.945788 -0.099259 0)
(0.943853 -0.095444 0)
(0.942367 -0.0918737 0)
(0.941282 -0.0885279 0)
(0.940558 -0.0854008 0)
(0.940157 -0.0824964 0)
(0.940042 -0.0798441 0)
(0.940234 -0.077526 0)
(0.940644 -0.0758816 0)
(1.09122 -0.136854 0)
(1.07919 -0.134781 0)
(1.06434 -0.131615 0)
(1.05006 -0.127839 0)
(1.03837 -0.123713 0)
(1.02862 -0.119437 0)
(1.02025 -0.11517 0)
(1.01309 -0.111008 0)
(1.00695 -0.107002 0)
(1.00169 -0.103177 0)
(0.997185 -0.0995414 0)
(0.993326 -0.0960968 0)
(0.990038 -0.092839 0)
(0.987258 -0.0897613 0)
(0.984932 -0.0868587 0)
(0.983017 -0.0841311 0)
(0.981478 -0.0815901 0)
(0.980275 -0.0792632 0)
(0.979363 -0.0772203 0)
(0.978581 -0.0757334 0)
(1.14328 -0.117803 0)
(1.13096 -0.11782 0)
(1.11648 -0.116905 0)
(1.10217 -0.115038 0)
(1.08993 -0.112584 0)
(1.07931 -0.109791 0)
(1.06994 -0.106809 0)
(1.06169 -0.103748 0)
(1.05443 -0.100687 0)
(1.04804 -0.0976773 0)
(1.04241 -0.0947527 0)
(1.03745 -0.0919326 0)
(1.03308 -0.0892284 0)
(1.02924 -0.0866467 0)
(1.02588 -0.0841924 0)
(1.02296 -0.081873 0)
(1.02045 -0.0797034 0)
(1.01829 -0.0777104 0)
(1.01641 -0.0759502 0)
(1.01454 -0.0746416 0)
(1.18747 -0.100369 0)
(1.17471 -0.101933 0)
(1.16064 -0.102526 0)
(1.14673 -0.102097 0)
(1.13446 -0.100997 0)
(1.12354 -0.0994634 0)
(1.11369 -0.0976219 0)
(1.10483 -0.0955769 0)
(1.09689 -0.0934158 0)
(1.08975 -0.0912033 0)
(1.08334 -0.0889857 0)
(1.07757 -0.0867959 0)
(1.07239 -0.0846572 0)
(1.06774 -0.0825865 0)
(1.06356 -0.0805975 0)
(1.05983 -0.0787036 0)
(1.05651 -0.0769226 0)
(1.05356 -0.0752791 0)
(1.05084 -0.0738174 0)
(1.04804 -0.0727091 0)
(1.22354 -0.0839004 0)
(1.21081 -0.0867978 0)
(1.19734 -0.088643 0)
(1.18409 -0.0894137 0)
(1.17215 -0.0894458 0)
(1.16132 -0.0889712 0)
(1.1514 -0.088109 0)
(1.14233 -0.0869592 0)
(1.13406 -0.0856104 0)
(1.12651 -0.0841323 0)
(1.11962 -0.0825782 0)
(1.11333 -0.0809886 0)
(1.10759 -0.0793952 0)
(1.10235 -0.077822 0)
(1.09757 -0.0762891 0)
(1.09322 -0.0748144 0)
(1.08926 -0.0734175 0)
(1.08567 -0.0721209 0)
(1.08227 -0.070957 0)
(1.07867 -0.0700553 0)
(1.25171 -0.0687992 0)
(1.23954 -0.0727227 0)
(1.22698 -0.0755584 0)
(1.21464 -0.0773037 0)
(1.20332 -0.0782647 0)
(1.19288 -0.078665 0)
(1.18319 -0.0786235 0)
(1.17421 -0.0782377 0)
(1.1659 -0.0775952 0)
(1.15823 -0.0767671 0)
(1.15113 -0.0758096 0)
(1.14456 -0.0747677 0)
(1.13849 -0.0736774 0)
(1.13287 -0.0725678 0)
(1.12768 -0.0714629 0)
(1.12288 -0.0703837 0)
(1.11845 -0.0693507 0)
(1.11436 -0.0683836 0)
(1.11043 -0.0675043 0)
(1.10618 -0.0668043 0)
(1.27268 -0.0554351 0)
(1.26149 -0.0600237 0)
(1.25009 -0.0635528 0)
(1.23888 -0.0660287 0)
(1.22839 -0.0677133 0)
(1.21858 -0.0688097 0)
(1.20935 -0.0694328 0)
(1.20069 -0.0696771 0)
(1.19258 -0.0696273 0)
(1.185 -0.0693536 0)
(1.1779 -0.0689127 0)
(1.17126 -0.0683513 0)
(1.16505 -0.0677077 0)
(1.15924 -0.0670135 0)
(1.1538 -0.0662948 0)
(1.14871 -0.0655745 0)
(1.14395 -0.0648728 0)
(1.13951 -0.0642065 0)
(1.13517 -0.0635883 0)
(1.13041 -0.0630767 0)
(1.28741 -0.0439445 0)
(1.27747 -0.04887 0)
(1.26739 -0.0528101 0)
(1.25742 -0.0557771 0)
(1.24792 -0.0579823 0)
(1.23888 -0.0595996 0)
(1.23028 -0.0607347 0)
(1.22211 -0.061476 0)
(1.21437 -0.0619035 0)
(1.20705 -0.0620842 0)
(1.20012 -0.0620736 0)
(1.19357 -0.0619179 0)
(1.18738 -0.0616558 0)
(1.18152 -0.0613197 0)
(1.17598 -0.0609365 0)
(1.17073 -0.0605294 0)
(1.16578 -0.0601179 0)
(1.1611 -0.0597156 0)
(1.15647 -0.0593273 0)
(1.15133 -0.0589839 0)
(1.29695 -0.0343034 0)
(1.28837 -0.0393019 0)
(1.27966 -0.0434125 0)
(1.27097 -0.0466542 0)
(1.26252 -0.0491904 0)
(1.25436 -0.0511627 0)
(1.24649 -0.052664 0)
(1.23892 -0.0537741 0)
(1.23167 -0.0545658 0)
(1.22473 -0.0551013 0)
(1.21809 -0.055433 0)
(1.21174 -0.0556053 0)
(1.20568 -0.0556556 0)
(1.19989 -0.0556157 0)
(1.19436 -0.0555123 0)
(1.18907 -0.0553676 0)
(1.18402 -0.0551997 0)
(1.1792 -0.0550196 0)
(1.17438 -0.0548251 0)
(1.16898 -0.0546252 0)
(1.30234 -0.0263889 0)
(1.29511 -0.0312617 0)
(1.28772 -0.0353519 0)
(1.28028 -0.0386858 0)
(1.27289 -0.0413862 0)
(1.26563 -0.043564 0)
(1.25854 -0.0452976 0)
(1.25163 -0.0466567 0)
(1.24493 -0.0477057 0)
(1.23844 -0.0485005 0)
(1.23216 -0.0490891 0)
(1.2261 -0.0495125 0)
(1.22026 -0.0498059 0)
(1.21462 -0.0499995 0)
(1.20918 -0.0501183 0)
(1.20393 -0.0501832 0)
(1.19887 -0.0502104 0)
(1.19399 -0.0502079 0)
(1.18907 -0.0501685 0)
(1.18349 -0.0500848 0)
(1.30451 -0.0200205 0)
(1.29854 -0.0246251 0)
(1.29238 -0.0285511 0)
(1.28609 -0.0318319 0)
(1.27971 -0.0345574 0)
(1.27334 -0.036812 0)
(1.26702 -0.0386602 0)
(1.26078 -0.0401612 0)
(1.25465 -0.0413701 0)
(1.24864 -0.0423358 0)
(1.24277 -0.0431009 0)
(1.23704 -0.0437026 0)
(1.23146 -0.0441727 0)
(1.22603 -0.0445386 0)
(1.22074 -0.0448234 0)
(1.21558 -0.0450457 0)
(1.21056 -0.0452196 0)
(1.20569 -0.0453503 0)
(1.20072 -0.0454268 0)
(1.19505 -0.0454308 0)
(1.30428 -0.0149911 0)
(1.29943 -0.0192301 0)
(1.29437 -0.0228882 0)
(1.28911 -0.0260049 0)
(1.28365 -0.0286448 0)
(1.2781 -0.0308703 0)
(1.27251 -0.0327336 0)
(1.26691 -0.0342838 0)
(1.26134 -0.0355669 0)
(1.25581 -0.0366246 0)
(1.25036 -0.0374937 0)
(1.24498 -0.0382067 0)
(1.23968 -0.0387918 0)
(1.23448 -0.039273 0)
(1.22936 -0.0396707 0)
(1.22433 -0.0400011 0)
(1.21939 -0.0402755 0)
(1.21456 -0.0404967 0)
(1.20959 -0.0406514 0)
(1.20387 -0.0407152 0)
(1.30234 -0.0110887 0)
(1.29847 -0.0148983 0)
(1.29434 -0.0182167 0)
(1.28997 -0.0210879 0)
(1.28532 -0.0235572 0)
(1.2805 -0.0256697 0)
(1.27557 -0.0274669 0)
(1.27056 -0.0289889 0)
(1.2655 -0.0302732 0)
(1.26043 -0.0313544 0)
(1.25537 -0.0322637 0)
(1.25032 -0.0330286 0)
(1.24531 -0.0336732 0)
(1.24034 -0.0342181 0)
(1.2354 -0.0346805 0)
(1.23051 -0.0350736 0)
(1.22568 -0.0354062 0)
(1.22091 -0.0356787 0)
(1.21595 -0.0358766 0)
(1.21023 -0.0359742 0)
(1.29926 -0.00810929 0)
(1.29621 -0.0114499 0)
(1.29287 -0.014381 0)
(1.28923 -0.0169488 0)
(1.28527 -0.0191843 0)
(1.28107 -0.0211191 0)
(1.27671 -0.0227859 0)
(1.27221 -0.0242168 0)
(1.26761 -0.0254417 0)
(1.26295 -0.0264888 0)
(1.25823 -0.0273836 0)
(1.25349 -0.028149 0)
(1.24874 -0.0288048 0)
(1.24398 -0.029368 0)
(1.23922 -0.0298524 0)
(1.23446 -0.0302684 0)
(1.22972 -0.0306218 0)
(1.22502 -0.0309112 0)
(1.2201 -0.0311217 0)
(1.21439 -0.0312298 0)
(1.29552 -0.00586469 0)
(1.29314 -0.00871344 0)
(1.29042 -0.0112268 0)
(1.28737 -0.0134513 0)
(1.28397 -0.0154071 0)
(1.28029 -0.0171155 0)
(1.2764 -0.018602 0)
(1.27233 -0.0198918 0)
(1.26811 -0.0210082 0)
(1.26378 -0.0219735 0)
(1.25936 -0.0228082 0)
(1.25488 -0.0235306 0)
(1.25034 -0.0241564 0)
(1.24576 -0.0246992 0)
(1.24114 -0.0251693 0)
(1.2365 -0.0255741 0)
(1.23185 -0.0259169 0)
(1.2272 -0.0261943 0)
(1.22231 -0.0263919 0)
(1.21661 -0.026491 0)
(1.2915 -0.00418597 0)
(1.28964 -0.00653066 0)
(1.2874 -0.00860753 0)
(1.28481 -0.0104618 0)
(1.28183 -0.0121048 0)
(1.27856 -0.0135506 0)
(1.27503 -0.0148186 0)
(1.27129 -0.0159281 0)
(1.26738 -0.0168967 0)
(1.26331 -0.0177417 0)
(1.25912 -0.0184787 0)
(1.25483 -0.019122 0)
(1.25045 -0.0196836 0)
(1.246 -0.0201736 0)
(1.24149 -0.0205993 0)
(1.23693 -0.0209653 0)
(1.23233 -0.0212724 0)
(1.22772 -0.0215155 0)
(1.22285 -0.0216815 0)
(1.21715 -0.0217565 0)
(1.2875 -0.0029237 0)
(1.28603 -0.00475827 0)
(1.28414 -0.00638758 0)
(1.28186 -0.00785291 0)
(1.2792 -0.00915952 0)
(1.27621 -0.0103154 0)
(1.27295 -0.0113356 0)
(1.26945 -0.012234 0)
(1.26574 -0.0130238 0)
(1.26185 -0.0137173 0)
(1.25782 -0.0143263 0)
(1.25365 -0.0148612 0)
(1.24937 -0.0153307 0)
(1.245 -0.0157417 0)
(1.24054 -0.0160991 0)
(1.23601 -0.0164048 0)
(1.23142 -0.0166576 0)
(1.22682 -0.0168516 0)
(1.22193 -0.0169757 0)
(1.21623 -0.017016 0)
(1.28376 -0.00194722 0)
(1.28254 -0.00326803 0)
(1.28088 -0.00444206 0)
(1.27881 -0.00550498 0)
(1.27635 -0.00645687 0)
(1.27354 -0.00730205 0)
(1.27043 -0.00805151 0)
(1.26706 -0.00871492 0)
(1.26347 -0.00930107 0)
(1.25967 -0.00981846 0)
(1.25571 -0.0102752 0)
(1.25159 -0.0106781 0)
(1.24734 -0.0110332 0)
(1.24297 -0.0113446 0)
(1.23851 -0.0116151 0)
(1.23395 -0.0118451 0)
(1.22933 -0.0120318 0)
(1.22468 -0.0121711 0)
(1.21976 -0.0122569 0)
(1.21402 -0.0122525 0)
(1.28046 -0.00113521 0)
(1.27938 -0.00193775 0)
(1.27783 -0.00264917 0)
(1.27585 -0.00329662 0)
(1.27347 -0.00387758 0)
(1.27072 -0.00439437 0)
(1.26767 -0.00485415 0)
(1.26434 -0.00526281 0)
(1.26076 -0.00562518 0)
(1.25696 -0.00594637 0)
(1.25297 -0.00623092 0)
(1.24882 -0.00648291 0)
(1.24452 -0.00670545 0)
(1.24009 -0.00690101 0)
(1.23554 -0.00707084 0)
(1.23089 -0.00721453 0)
(1.22617 -0.00732963 0)
(1.22142 -0.00741879 0)
(1.21642 -0.00749242 0)
(1.21061 -0.00744773 0)
(1.27773 -0.000401147 0)
(1.27667 -0.000667582 0)
(1.27511 -0.000906999 0)
(1.27311 -0.00112793 0)
(1.27069 -0.0013251 0)
(1.2679 -0.00150028 0)
(1.26479 -0.00165682 0)
(1.26138 -0.00179643 0)
(1.25772 -0.00192058 0)
(1.25383 -0.00203091 0)
(1.24973 -0.00212896 0)
(1.24546 -0.00221597 0)
(1.24102 -0.00229293 0)
(1.23645 -0.00236055 0)
(1.23175 -0.00241919 0)
(1.22695 -0.00246821 0)
(1.22206 -0.00250652 0)
(1.21714 -0.00254097 0)
(1.21204 -0.00258575 0)
(1.20576 -0.00253456 0)
(1.38672 0.111367 -2.38161e-21)
(1.38661 0.0753867 0)
(1.37853 0.0393605 5.81979e-22)
(1.36198 0.00391911 1.68897e-20)
(1.33654 -0.0303234 -3.79294e-20)
(1.30196 -0.0627664 0)
(1.25823 -0.0928095 -3.23068e-20)
(1.20616 -0.119798 0)
(1.14649 -0.142106 -2.66107e-20)
(1.07666 -0.156168 3.61094e-22)
(1.37587 0.108902 1.77134e-21)
(1.37865 0.0783851 -5.20287e-22)
(1.37496 0.0476777 5.11248e-22)
(1.36433 0.0172317 -1.68605e-21)
(1.34631 -0.0125195 1.45819e-20)
(1.32049 -0.0411621 9.86039e-22)
(1.28653 -0.0683035 0)
(1.24467 -0.093654 2.57015e-20)
(1.19555 -0.116704 0)
(1.13084 -0.134106 2.4811e-20)
(1.36462 0.105095 -3.30728e-21)
(1.3695 0.0788786 0)
(1.36911 0.0523985 4.72629e-22)
(1.363 0.0259758 -2.2124e-21)
(1.35074 -8.61428e-05 -1.57158e-20)
(1.3319 -0.0254985 0)
(1.30604 -0.0499668 -2.54087e-20)
(1.27303 -0.0732288 -2.68627e-20)
(1.23401 -0.0952467 0)
(1.17824 -0.113869 -2.52586e-20)
(1.35327 0.100395 1.34809e-21)
(1.35967 0.0778256 -5.62107e-21)
(1.36174 0.0549678 0)
(1.35911 0.0320547 -1.43345e-20)
(1.35139 0.00930232 -8.42856e-22)
(1.33818 -0.013089 1.64223e-21)
(1.31904 -0.034917 2.49924e-20)
(1.29365 -0.0559457 7.56742e-22)
(1.26341 -0.0762675 2.07231e-20)
(1.21769 -0.0950256 0)
(1.34206 0.0950677 0)
(1.34954 0.075622 5.48086e-21)
(1.35345 0.0559043 6.17268e-21)
(1.35348 0.0360878 -1.13125e-21)
(1.3493 0.0163296 7.50724e-22)
(1.3406 -0.00323029 7.50753e-22)
(1.32697 -0.0224638 2.09303e-20)
(1.30799 -0.0411982 1.37894e-21)
(1.28506 -0.0595139 -2.07803e-21)
(1.24901 -0.0774748 -2.10417e-20)
(1.33116 0.0892969 -9.69923e-22)
(1.33938 0.0725215 -3.10479e-22)
(1.34463 0.0555072 -2.84453e-23)
(1.34666 0.0383864 -3.26447e-22)
(1.34521 0.021276 1.04579e-20)
(1.34003 0.0042775 0)
(1.3308 -0.012527 -2.33566e-20)
(1.31708 -0.0290286 6.5708e-22)
(1.30008 -0.0452518 -3.86851e-20)
(1.27259 -0.0617463 4.1035e-20)
(1.3207 0.0832256 9.74041e-22)
(1.32939 0.0687387 1.92341e-21)
(1.33559 0.0540515 -4.84947e-21)
(1.3391 0.0392674 8.4869e-21)
(1.33971 0.0244759 -4.86281e-22)
(1.33723 0.00975304 9.60531e-21)
(1.33144 -0.00484495 -6.23005e-22)
(1.32194 -0.0192573 1.20813e-21)
(1.30967 -0.0334626 1.84235e-20)
(1.28936 -0.0481693 -1.99692e-20)
(1.31075 0.0769632 0)
(1.31972 0.0644492 -3.84471e-21)
(1.32657 0.0517729 4.98022e-22)
(1.33115 0.0390171 -5.3589e-21)
(1.33329 0.0262522 -9.86248e-22)
(1.33286 0.0135368 -1.79192e-20)
(1.3297 0.000912871 8.24895e-21)
(1.32351 -0.0115902 0)
(1.31495 -0.0239289 0)
(1.30043 -0.0367828 0)
(1.30138 0.0705927 0)
(1.31049 0.0597902 2.92448e-21)
(1.31777 0.04886 2.07223e-22)
(1.32309 0.0378697 -4.10747e-21)
(1.32634 0.0268757 -8.64756e-21)
(1.32742 0.0159245 9.41897e-21)
(1.32625 0.00504965 -1.00021e-20)
(1.32259 -0.00573631 5.2716e-22)
(1.3169 -0.0163861 0)
(1.30689 -0.0274667 -7.91477e-21)
(1.29265 0.0641752 -7.68194e-23)
(1.30179 0.0548679 -1.56709e-21)
(1.30932 0.0454629 -2.55531e-21)
(1.31513 0.0360156 2.45447e-22)
(1.31916 0.0265719 -4.4643e-22)
(1.32134 0.0171696 7.86644e-21)
(1.32162 0.0078366 -8.52425e-21)
(1.31987 -0.00142167 4.89903e-22)
(1.31635 -0.0105634 0)
(1.30976 -0.0200206 1.54686e-20)
(1.28457 0.0577557 0)
(1.29367 0.049765 -1.09267e-21)
(1.30132 0.0417015 3.53393e-22)
(1.30745 0.0336106 0)
(1.312 0.0255299 0)
(1.31495 0.0174902 -7.00435e-21)
(1.31628 0.00951513 7.19244e-21)
(1.31591 0.00160829 4.60829e-22)
(1.314 -0.00619709 -2.27118e-22)
(1.30993 -0.0142068 -7.76497e-21)
(1.27718 0.0513662 0)
(1.28618 0.0445452 1.9047e-21)
(1.29386 0.0376714 2.92961e-21)
(1.30015 0.0307817 -5.32851e-22)
(1.30504 0.0239068 3.66359e-22)
(1.3085 0.0170715 4.17616e-22)
(1.31055 0.0102959 -8.43473e-22)
(1.31116 0.00358363 -5.77953e-21)
(1.31042 -0.00304049 -6.43021e-22)
(1.30814 -0.00977779 2.12547e-22)
(1.27049 0.0450296 0)
(1.27936 0.0392575 -9.5217e-22)
(1.28699 0.0334483 1.48119e-22)
(1.29335 0.0276318 -1.47365e-22)
(1.29842 0.021832 0)
(1.30221 0.0160692 0)
(1.30473 0.0103594 0)
(1.306 0.00470684 6.72842e-21)
(1.30607 -0.000870767 -6.29557e-21)
(1.30502 -0.00649514 0)
(1.26452 0.0387609 0)
(1.27322 0.0339393 -4.68595e-22)
(1.28076 0.0290925 -8.18355e-22)
(1.28711 0.0242438 -1.409e-21)
(1.29226 0.019412 3.05644e-22)
(1.29623 0.0146127 -2.34214e-21)
(1.29904 0.00985852 2.49695e-21)
(1.30073 0.00515326 0)
(1.30134 0.000509131 2.04926e-22)
(1.30108 -0.004139 6.11792e-21)
(1.25925 0.0325699 4.89158e-23)
(1.26778 0.0286186 3.60779e-22)
(1.2752 0.0246511 1.05369e-21)
(1.28149 0.0206849 9.88472e-22)
(1.28664 0.016734 0)
(1.29068 0.0128099 3.06665e-21)
(1.29365 0.0089219 -3.57964e-21)
(1.29558 0.00507284 3.53976e-22)
(1.29652 0.0012705 3.20701e-21)
(1.29674 -0.00251289 -8.85211e-21)
(1.25471 0.0264622 -4.90869e-23)
(1.26306 0.0233164 1.93129e-22)
(1.27034 0.0201613 -2.96671e-22)
(1.27653 0.017009 9.43163e-22)
(1.28163 0.0138691 0)
(1.28567 0.0107499 0)
(1.28869 0.00765736 -3.3802e-22)
(1.29074 0.00459296 3.37792e-21)
(1.29186 0.00156077 2.55256e-21)
(1.29231 -0.00144459 2.87856e-21)
(1.25089 0.0204388 0)
(1.25906 0.018048 -3.60866e-22)
(1.26619 0.0156519 2.12004e-22)
(1.27226 0.0132591 -8.05097e-22)
(1.27728 0.0108756 -2.46825e-22)
(1.28127 0.00850619 3.0554e-22)
(1.28427 0.00615469 -6.29539e-22)
(1.28635 0.00382074 -2.39532e-21)
(1.28753 0.00150564 0)
(1.28807 -0.000785002 0)
(1.24779 0.0144986 0)
(1.25579 0.0128228 -1.16918e-22)
(1.26276 0.0111445 3.57858e-22)
(1.26871 0.00946909 0)
(1.27362 0.00779966 4.98312e-22)
(1.27753 0.00613864 2.94718e-22)
(1.28047 0.00448774 9.11743e-22)
(1.28252 0.00284533 3.27172e-22)
(1.2837 0.00121083 -1.5979e-22)
(1.2842 -0.00040697 -1.65117e-22)
(1.24541 0.00864134 0)
(1.25324 0.00765051 1.17374e-22)
(1.26007 0.0066591 1.74315e-22)
(1.26588 0.00566956 -3.20663e-22)
(1.27068 0.004683 -2.73801e-22)
(1.27449 0.00370024 -2.73581e-22)
(1.27736 0.00272174 -1.52321e-21)
(1.27933 0.00174567 1.25574e-21)
(1.28046 0.000770793 -3.20801e-22)
(1.28087 -0.000197382 0)
(1.24376 0.00285971 0)
(1.25143 0.00253533 -4.23985e-23)
(1.25812 0.00220988 4.93854e-23)
(1.2638 0.00188411 -5.97653e-23)
(1.26849 0.00155811 0)
(1.2722 0.001232 1.88142e-22)
(1.27498 0.000906169 -2.11148e-22)
(1.27686 0.000579427 -2.29434e-22)
(1.2779 0.000250909 0)
(1.27819 -7.02946e-05 0)
(1.08043 0.354168 0)
(1.07903 0.385118 -1.65298e-20)
(1.07512 0.421614 0)
(1.06869 0.461637 -4.57588e-20)
(1.05922 0.505187 2.17068e-20)
(1.04558 0.552497 2.77179e-21)
(1.0262 0.603457 -9.50568e-22)
(0.998989 0.657591 -8.56773e-21)
(0.960691 0.714574 0)
(0.904077 0.777151 -1.80319e-20)
(1.12779 0.355255 2.87236e-20)
(1.13103 0.384964 1.6534e-20)
(1.13163 0.419984 -8.34762e-21)
(1.13023 0.458488 1.56692e-20)
(1.12648 0.500092 -1.0109e-22)
(1.11927 0.544878 9.26737e-21)
(1.1071 0.592638 -1.72018e-21)
(1.08799 0.64278 8.43078e-21)
(1.05894 0.694928 8.21787e-22)
(1.01236 0.75343 2.71408e-20)
(1.17399 0.34937 -7.0277e-21)
(1.18098 0.377447 4.51875e-21)
(1.18586 0.410283 8.35398e-21)
(1.18921 0.446185 6.0125e-21)
(1.19067 0.484645 2.85574e-21)
(1.18918 0.525598 -1.3426e-21)
(1.18335 0.56871 9.86561e-21)
(1.17136 0.613269 -1.38372e-20)
(1.15046 0.658834 -1.87315e-20)
(1.11304 0.71141 1.48394e-20)
(1.21818 0.336259 1.35454e-20)
(1.22829 0.362314 -4.53086e-21)
(1.23684 0.392433 0)
(1.24427 0.424942 0)
(1.25012 0.459297 0)
(1.2534 0.495309 -1.78835e-20)
(1.25281 0.532528 2.71587e-20)
(1.24666 0.570135 0)
(1.23254 0.607612 -2.5036e-20)
(1.20312 0.652607 4.27196e-20)
(1.25973 0.316915 4.71361e-21)
(1.27218 0.34038 -1.15369e-21)
(1.28357 0.367123 0)
(1.29412 0.39548 0)
(1.3033 0.424878 -9.65471e-21)
(1.31017 0.455005 -1.29329e-20)
(1.31348 0.4853 -8.78548e-21)
(1.3117 0.514838 -2.18901e-20)
(1.30275 0.543017 -5.88628e-20)
(1.27993 0.579025 -5.61427e-21)
(1.29754 0.2921 -7.99875e-21)
(1.31156 0.312446 -3.10436e-21)
(1.32485 0.335193 0)
(1.33746 0.358733 0)
(1.34879 0.382467 3.55714e-20)
(1.3579 0.405957 -1.32059e-20)
(1.36362 0.428537 4.45365e-21)
(1.36457 0.449183 3.89153e-22)
(1.359 0.467189 6.36745e-20)
(1.34119 0.4931 3.32357e-20)
(1.33054 0.262518 1.12553e-20)
(1.34532 0.279313 -1.14857e-20)
(1.35954 0.297562 -1.97111e-20)
(1.37308 0.315775 2.00024e-20)
(1.38526 0.333323 1.59038e-20)
(1.39518 0.349655 -1.60587e-20)
(1.40173 0.364006 2.48609e-20)
(1.40368 0.375252 -2.49152e-20)
(1.39964 0.382576 0)
(1.3851 0.397617 0)
(1.35778 0.228958 1.51659e-20)
(1.37247 0.241874 -1.5458e-20)
(1.38661 0.255263 0)
(1.39988 0.267809 0)
(1.4116 0.278861 0)
(1.42086 0.287765 -1.19252e-20)
(1.42663 0.293665 5.02592e-20)
(1.42784 0.295345 -4.32354e-20)
(1.42346 0.291869 0)
(1.41041 0.295616 -1.89305e-20)
(1.37842 0.192257 9.1925e-21)
(1.39214 0.20109 -6.62195e-21)
(1.40514 0.209407 3.28088e-21)
(1.41696 0.21614 0)
(1.42689 0.220608 1.00702e-20)
(1.43404 0.222072 -2.64435e-20)
(1.43749 0.219608 0)
(1.43628 0.2119 7.40049e-21)
(1.42975 0.197895 -2.09801e-20)
(1.41641 0.190304 2.76368e-20)
(1.39169 0.153279 0)
(1.40354 0.157949 -2.69381e-21)
(1.41436 0.161156 -3.25278e-21)
(1.42357 0.162125 0)
(1.43045 0.160152 -5.33084e-21)
(1.43416 0.154434 7.86531e-21)
(1.43383 0.14399 3.21627e-21)
(1.42869 0.127411 8.17603e-21)
(1.41839 0.103514 9.88037e-21)
(1.40305 0.0849374 0)
(0.771104 0.0258439 -1.21555e-20)
(0.734915 0.0284209 1.26896e-20)
(0.693003 0.0312734 6.77103e-21)
(0.644123 0.0345009 7.43188e-21)
(0.586752 0.0381507 -7.48054e-21)
(0.519016 0.0422617 -1.21928e-20)
(0.438585 0.0468602 4.15758e-21)
(0.342477 0.0519417 -8.82103e-21)
(0.226215 0.0574326 -9.11938e-21)
(0.0916559 0.0632112 0)
(0.778211 0.0769241 0)
(0.742828 0.0845984 -7.72029e-21)
(0.701842 0.093088 -8.31398e-21)
(0.654029 0.102687 0)
(0.597859 0.113544 1.96829e-20)
(0.531479 0.125769 1.05637e-20)
(0.452569 0.139436 0)
(0.35811 0.154543 -1.1222e-20)
(0.243848 0.170952 -2.88026e-22)
(0.111161 0.187943 -1.02071e-20)
(0.79195 0.126213 5.59006e-20)
(0.758127 0.138793 -5.75706e-20)
(0.718953 0.152696 0)
(0.673225 0.168403 0)
(0.619407 0.186156 0)
(0.55569 0.206131 -6.02706e-20)
(0.479795 0.228437 8.41648e-20)
(0.388731 0.253073 -2.08468e-20)
(0.278344 0.279913 0)
(0.149337 0.307452 2.00242e-20)
(0.812084 0.172755 5.28561e-20)
(0.780525 0.189964 -5.44285e-20)
(0.743991 0.208943 -6.08445e-20)
(0.701295 0.230353 -2.80777e-21)
(0.650904 0.254529 1.01686e-19)
(0.591071 0.281697 -3.5681e-20)
(0.519583 0.311988 3.97599e-20)
(0.433513 0.345387 -8.23414e-20)
(0.328758 0.381742 4.23866e-20)
(0.205169 0.419076 0)
(0.838215 0.215488 -1.1859e-19)
(0.809552 0.236943 2.47609e-20)
(0.776405 0.26053 0)
(0.737593 0.287081 0)
(0.69159 0.31702 3.4039e-20)
(0.636729 0.350601 -9.64505e-20)
(0.570882 0.387961 6.87368e-20)
(0.491209 0.429056 -7.06354e-20)
(0.393656 0.473697 3.42836e-21)
(0.277053 0.519725 -2.7838e-20)
(0.86982 0.253484 1.54638e-19)
(0.844594 0.278721 -1.17104e-19)
(0.815475 0.306339 0)
(0.78127 0.337339 0)
(0.740466 0.372219 2.94256e-20)
(0.691491 0.411244 3.10957e-20)
(0.632316 0.454533 2.4123e-20)
(0.560206 0.502001 3.40604e-20)
(0.471172 0.553425 2.43726e-21)
(0.362901 0.606755 5.38339e-20)
(0.906251 0.285914 -8.40105e-20)
(0.884902 0.314425 -3.9482e-20)
(0.860325 0.345417 0)
(0.831296 0.380063 0)
(0.796321 0.418931 0)
(0.753939 0.462268 -5.06254e-20)
(0.702232 0.510164 4.19292e-20)
(0.638577 0.562476 0)
(0.559075 0.618955 -2.56217e-20)
(0.460217 0.677954 4.04776e-20)
(0.946709 0.312078 -3.68967e-20)
(0.929583 0.343374 3.93179e-20)
(0.909919 0.377023 3.51666e-20)
(0.886458 0.41441 3.59969e-20)
(0.857746 0.456189 3.65548e-20)
(0.82244 0.502577 3.67032e-20)
(0.778731 0.553611 -1.0173e-20)
(0.724122 0.60908 3.46989e-20)
(0.654825 0.668714 -1.82692e-20)
(0.566164 0.731569 1.47182e-20)
(0.990174 0.331685 -6.11817e-20)
(0.977566 0.36517 2.79139e-20)
(0.963047 0.400674 -3.50318e-20)
(0.945374 0.439785 -3.92644e-20)
(0.923161 0.483285 2.44168e-20)
(0.895176 0.531355 -9.31531e-21)
(0.85972 0.583959 -9.06863e-20)
(0.814423 0.640797 -5.33689e-20)
(0.755643 0.701581 1.58217e-20)
(0.677644 0.76635 3.05941e-22)
(1.0341 0.345431 0)
(1.02697 0.379211 -2.78649e-20)
(1.01808 0.415746 0)
(1.00641 0.45566 1.96966e-20)
(0.990813 0.499706 -7.70685e-20)
(0.970189 0.548069 -4.7899e-20)
(0.942963 0.60064 4.63252e-20)
(0.906919 0.657024 2.21633e-20)
(0.858597 0.716915 0)
(0.791394 0.781595 8.50118e-21)
(0.999944 0.000278368 0)
(0.99921 0.000826029 -5.29672e-22)
(0.997703 0.00137757 5.29271e-22)
(0.995411 0.00193857 0)
(0.992348 0.00251675 -1.06622e-21)
(0.988496 0.00312139 1.06564e-21)
(0.983819 0.00376106 0)
(0.978272 0.00444479 0)
(0.971799 0.0051837 0)
(0.964327 0.0059903 0)
(0.955769 0.00687913 5.63387e-22)
(0.946016 0.00786689 0)
(0.934938 0.00897391 0)
(0.92238 0.0102245 4.85615e-21)
(0.908152 0.0116485 -4.85828e-21)
(0.892026 0.0132821 0)
(0.873727 0.0151703 5.94194e-21)
(0.852925 0.0173703 -1.07797e-20)
(0.829223 0.0199529 5.48806e-21)
(0.801987 0.0230062 5.91193e-21)
(0.999941 0.000826701 1.01055e-21)
(0.999219 0.00246275 2.57214e-21)
(0.997739 0.00410764 -2.56704e-21)
(0.995486 0.00578368 1.2784e-21)
(0.992474 0.00751235 1.28079e-21)
(0.988688 0.00931809 5.1823e-21)
(0.984095 0.0112273 -3.88057e-21)
(0.978651 0.0132687 -1.05213e-20)
(0.972302 0.0154745 2.24453e-20)
(0.964981 0.0178819 -1.06107e-20)
(0.956604 0.0205337 -1.02522e-20)
(0.94707 0.0234805 2.33736e-20)
(0.936257 0.026782 -2.10134e-20)
(0.924019 0.0305107 1.13017e-20)
(0.910182 0.034754 1.45029e-21)
(0.894535 0.0396195 2.57961e-20)
(0.876829 0.04524 -2.50651e-20)
(0.856765 0.0517816 0)
(0.83398 0.0594517 1.62181e-21)
(0.807945 0.0685084 0)
(0.999941 0.00136406 -3.03181e-21)
(0.999242 0.00407078 8.31105e-24)
(0.997809 0.00679232 5.11535e-21)
(0.995627 0.00956307 -2.53909e-21)
(0.992714 0.0124209 -6.39588e-21)
(0.989055 0.0154056 -1.27704e-21)
(0.984621 0.0185603 -1.29677e-21)
(0.979372 0.0219325 -1.29162e-21)
(0.973262 0.0255754 1.84893e-20)
(0.966229 0.0295499 2.89938e-22)
(0.9582 0.0339263 -2.39724e-20)
(0.949086 0.038787 -1.36715e-21)
(0.938782 0.0442299 -2.75965e-21)
(0.927162 0.050372 0)
(0.914079 0.0573548 -2.61263e-20)
(0.899358 0.0653508 2.02784e-20)
(0.882798 0.0745719 0)
(0.864163 0.0852804 -1.52181e-21)
(0.843159 0.0978047 -1.60846e-21)
(0.81946 0.112527 -1.60462e-21)
(0.999941 0.0018924 1.01304e-21)
(0.999278 0.00564615 3.80416e-21)
(0.997914 0.00941615 0)
(0.995839 0.0132527 -1.14161e-20)
(0.993072 0.017208 1.01545e-20)
(0.989601 0.0213372 1.15231e-20)
(0.985403 0.0257002 -7.67138e-21)
(0.980444 0.0303625 1.29633e-21)
(0.974686 0.0353975 -1.70019e-20)
(0.96808 0.0408886 -2.68493e-22)
(0.960564 0.0469319 1.97233e-20)
(0.95207 0.0536397 -2.15915e-20)
(0.942515 0.0611441 -2.09267e-20)
(0.931804 0.0696026 4.63704e-20)
(0.919828 0.079204 1.41531e-21)
(0.906468 0.0901761 4.25039e-21)
(0.89159 0.102796 -4.71274e-20)
(0.875049 0.117402 3.13185e-22)
(0.856647 0.134418 -1.2742e-21)
(0.836361 0.154275 5.06169e-20)
(0.999943 0.00240315 2.00183e-21)
(0.999327 0.00716694 -1.01054e-20)
(0.998056 0.011947 5.03523e-21)
(0.996124 0.0168081 2.53602e-21)
(0.993551 0.0218171 0)
(0.990332 0.0270441 0)
(0.986446 0.0325648 -2.55436e-21)
(0.981871 0.038462 0)
(0.976578 0.044828 -2.58064e-21)
(0.970533 0.0517671 0)
(0.963693 0.059399 2.62132e-21)
(0.956012 0.0678623 -4.22242e-20)
(0.947439 0.0773194 -6.71823e-22)
(0.937917 0.0879614 -3.44174e-21)
(0.92739 0.100015 4.29556e-20)
(0.915804 0.11375 -2.78774e-21)
(0.903114 0.12949 2.71865e-21)
(0.889287 0.14762 -4.55269e-20)
(0.874243 0.168626 4.80102e-20)
(0.858355 0.192877 9.34779e-20)
(0.999946 0.00289057 1.98777e-21)
(0.999389 0.0086172 -2.49585e-21)
(0.998236 0.0143579 -2.46482e-21)
(0.996484 0.020192 -2.46448e-21)
(0.994155 0.0262002 -1.99812e-20)
(0.991248 0.0324672 3.74605e-20)
(0.987752 0.0390835 -2.24016e-20)
(0.983652 0.0461482 0)
(0.978935 0.0537707 -2.48168e-21)
(0.973583 0.0620745 -2.48983e-21)
(0.967576 0.0711996 -2.49937e-21)
(0.960896 0.0813075 3.85395e-20)
(0.953528 0.0925844 -8.4603e-20)
(0.945464 0.105247 4.10131e-20)
(0.936706 0.11955 0)
(0.92728 0.135786 -2.55163e-21)
(0.917245 0.154301 -8.986e-20)
(0.906694 0.175494 8.38676e-20)
(0.895676 0.19986 -2.72207e-21)
(0.88505 0.227566 0)
(0.99995 0.00334916 1.94926e-21)
(0.999465 0.00998033 -7.40871e-21)
(0.998454 0.0166224 2.48021e-21)
(0.99692 0.0233682 1.47393e-20)
(0.994885 0.0303123 2.42777e-21)
(0.992352 0.037552 -1.47845e-20)
(0.98932 0.0451924 2.37678e-21)
(0.985787 0.0533471 1.95953e-20)
(0.981753 0.0621413 4.91392e-21)
(0.977222 0.0717147 4.20499e-20)
(0.972198 0.0822252 -3.43329e-20)
(0.966698 0.0938516 -3.47399e-20)
(0.960747 0.106798 4.18296e-20)
(0.954392 0.121299 2.41632e-21)
(0.947703 0.137619 2.40792e-21)
(0.940794 0.156058 4.9171e-21)
(0.933836 0.176949 4.89347e-21)
(0.927045 0.200658 -2.34072e-21)
(0.920608 0.227615 0)
(0.915952 0.257634 7.5526e-20)
(0.999958 0.00377111 -5.87352e-21)
(0.999556 0.0112363 4.88197e-24)
(0.998713 0.0187092 -2.39056e-21)
(0.997433 0.0262958 -2.18095e-20)
(0.99574 0.0341018 1.44633e-20)
(0.993642 0.0422376 -2.43934e-21)
(0.991148 0.0508208 0)
(0.988268 0.0599786 0)
(0.985022 0.0698498 -4.78814e-21)
(0.981433 0.0805882 -2.34938e-21)
(0.977538 0.0923649 -2.42166e-21)
(0.973388 0.105371 -2.41568e-21)
(0.969057 0.11982 0)
(0.964649 0.135949 -4.68099e-21)
(0.96031 0.154017 -2.38124e-21)
(0.956243 0.174298 -4.57826e-21)
(0.952716 0.197075 -2.33149e-21)
(0.95005 0.22263 -6.7742e-20)
(0.948618 0.251258 6.8876e-20)
(0.950449 0.282363 0)
(0.999972 0.00414559 0)
(0.999661 0.0123559 2.40922e-21)
(0.999008 0.0205691 1.23309e-21)
(0.998018 0.0289026 0)
(0.996712 0.0374725 2.13232e-20)
(0.995108 0.0463995 -1.88266e-20)
(0.993221 0.0558115 3.87726e-20)
(0.99108 0.065846 -3.73202e-20)
(0.98872 0.0766513 3.50776e-21)
(0.986191 0.0883904 1.2082e-21)
(0.983562 0.101241 0)
(0.980925 0.115401 0)
(0.978402 0.131084 0)
(0.976157 0.148523 7.26039e-20)
(0.974408 0.167962 -1.38042e-19)
(0.973437 0.189653 2.84254e-21)
(0.973601 0.213833 6.57355e-20)
(0.975339 0.240712 0)
(0.979369 0.270352 0)
(0.987828 0.301581 5.61306e-20)
(0.999978 0.00452311 0)
(0.999757 0.0134827 -9.2441e-21)
(0.999307 0.0224501 -8.08614e-21)
(0.998634 0.0315546 1.84586e-20)
(0.997755 0.0409268 1.84658e-20)
(0.99669 0.0507 -5.5228e-20)
(0.995467 0.0610167 3.54603e-20)
(0.994128 0.0720277 0)
(0.992731 0.0838951 -1.14772e-21)
(0.991353 0.0967928 -3.48872e-20)
(0.990099 0.110909 7.12266e-20)
(0.989107 0.126443 -3.51503e-20)
(0.988557 0.143605 0)
(0.988685 0.162608 -6.76013e-20)
(0.989795 0.183655 1.32071e-19)
(0.992267 0.20691 -6.44063e-20)
(0.996565 0.23245 0)
(1.00326 0.26015 -5.69555e-20)
(1.0131 0.28931 5.55718e-20)
(1.02605 0.317619 -8.28965e-22)
(0.999994 0.00470974 0)
(0.999912 0.0140269 0)
(0.999724 0.0233527 0)
(0.999436 0.0328174 0)
(0.999069 0.0425508 0)
(0.998652 0.0526861 0)
(0.998222 0.0633632 0)
(0.997834 0.0747295 0)
(0.997564 0.0869407 0)
(0.997508 0.100162 0)
(0.997795 0.114567 0)
(0.998589 0.130335 0)
(1.0001 0.147647 0)
(1.0026 0.166676 0)
(1.00641 0.187564 0)
(1.01197 0.21039 0)
(1.01978 0.235091 0)
(1.03054 0.261306 0)
(1.04507 0.287966 0)
(1.06088 0.312071 0)
(1 0.00469109 0)
(1.00003 0.0139838 0)
(1.00007 0.0232812 0)
(1.00013 0.0327004 0)
(1.00024 0.0423574 0)
(1.00041 0.0523694 0)
(1.00071 0.0628572 0)
(1.00117 0.0739459 0)
(1.0019 0.0857639 0)
(1.00298 0.0984433 0)
(1.00455 0.112117 0)
(1.00679 0.126917 0)
(1.0099 0.142967 0)
(1.01415 0.160369 0)
(1.01985 0.179189 0)
(1.02742 0.199418 0)
(1.03732 0.22091 0)
(1.05018 0.243264 0)
(1.06665 0.265655 0)
(1.08348 0.287082 0)
(1.00001 0.00465295 0)
(1.00014 0.0138755 0)
(1.00039 0.0231031 0)
(1.00077 0.0324406 0)
(1.00131 0.0419914 0)
(1.00202 0.0518593 0)
(1.00296 0.0621501 0)
(1.00419 0.0729704 0)
(1.00579 0.0844273 0)
(1.00786 0.0966269 0)
(1.01055 0.109671 0)
(1.014 0.123654 0)
(1.01842 0.138655 0)
(1.02405 0.154722 0)
(1.03119 0.171862 0)
(1.04017 0.19 0)
(1.05138 0.208936 0)
(1.06526 0.22827 0)
(1.08225 0.247346 0)
(1.10009 0.2655 0)
(1.00002 0.00456151 0)
(1.00023 0.01361 0)
(1.00067 0.0226629 0)
(1.00135 0.031813 0)
(1.00226 0.0411511 0)
(1.00345 0.0507677 0)
(1.00497 0.0607533 0)
(1.00686 0.0711972 0)
(1.00922 0.0821866 0)
(1.01215 0.0938042 0)
(1.01576 0.106125 0)
(1.02022 0.119212 0)
(1.0257 0.133108 0)
(1.03241 0.147826 0)
(1.04061 0.163328 0)
(1.05058 0.179509 0)
(1.0626 0.196162 0)
(1.07697 0.212942 0)
(1.09401 0.229365 0)
(1.11232 0.2449 0)
(1.00002 0.00442358 0)
(1.00032 0.0132065 0)
(1.00093 0.0219935 0)
(1.00185 0.0308646 0)
(1.0031 0.0398985 0)
(1.0047 0.0491721 0)
(1.00671 0.0587612 0)
(1.00917 0.0687388 0)
(1.01218 0.0791737 0)
(1.01581 0.0901277 0)
(1.0202 0.101653 0)
(1.02546 0.113786 0)
(1.03176 0.126543 0)
(1.03929 0.139908 0)
(1.04825 0.15382 0)
(1.05886 0.16816 0)
(1.07134 0.18273 0)
(1.08589 0.197243 0)
(1.10275 0.211327 0)
(1.1211 0.224537 0)
(1.00003 0.00424699 0)
(1.00039 0.0126869 0)
(1.00114 0.0211307 0)
(1.00227 0.0296466 0)
(1.00381 0.0383008 0)
(1.00576 0.0471579 0)
(1.00819 0.0562798 0)
(1.01113 0.065725 0)
(1.01467 0.0755459 0)
(1.01889 0.0857869 0)
(1.02388 0.0964808 0)
(1.02978 0.107645 0)
(1.0367 0.119273 0)
(1.04482 0.131333 0)
(1.05429 0.14375 0)
(1.06528 0.156402 0)
(1.07796 0.169106 0)
(1.09248 0.181618 0)
(1.10898 0.193632 0)
(1.12707 0.204771 0)
(1.00003 0.00403797 0)
(1.00045 0.0120693 0)
(1.00132 0.0201046 0)
(1.00263 0.0282006 0)
(1.0044 0.0364125 0)
(1.00666 0.044793 0)
(1.00943 0.053392 0)
(1.01277 0.0622548 0)
(1.01674 0.0714201 0)
(1.02142 0.0809178 0)
(1.02689 0.0907657 0)
(1.03326 0.100966 0)
(1.04064 0.111499 0)
(1.04916 0.12232 0)
(1.05895 0.13335 0)
(1.07013 0.14447 0)
(1.08283 0.155513 0)
(1.09715 0.166269 0)
(1.11317 0.176477 0)
(1.13077 0.185821 0)
(1.00004 0.00380208 0)
(1.0005 0.0113702 0)
(1.00146 0.0189424 0)
(1.00293 0.0265651 0)
(1.0049 0.0342832 0)
(1.00739 0.042139 0)
(1.01044 0.0501716 0)
(1.01409 0.0584153 0)
(1.01841 0.0668973 0)
(1.02345 0.0756359 0)
(1.02929 0.0846373 0)
(1.03601 0.0938928 0)
(1.04371 0.103375 0)
(1.05248 0.113031 0)
(1.06243 0.122783 0)
(1.07366 0.132517 0)
(1.08624 0.142085 0)
(1.10025 0.151302 0)
(1.11571 0.15995 0)
(1.13269 0.167762 0)
(1.00004 0.0035444 0)
(1.00054 0.0106048 0)
(1.00158 0.0176694 0)
(1.00317 0.0247753 0)
(1.00529 0.0319583 0)
(1.00798 0.0392519 0)
(1.01125 0.0466858 0)
(1.01516 0.0542849 0)
(1.01974 0.0620673 0)
(1.02505 0.070042 0)
(1.03115 0.0782071 0)
(1.03812 0.0865465 0)
(1.04602 0.0950271 0)
(1.05494 0.103595 0)
(1.06494 0.112174 0)
(1.0761 0.120659 0)
(1.08848 0.128919 0)
(1.1021 0.136793 0)
(1.11698 0.144097 0)
(1.13326 0.150613 0)
(1.00004 0.00326945 0)
(1.00057 0.00978664 0)
(1.00168 0.0163079 0)
(1.00336 0.0228625 0)
(1.0056 0.0294784 0)
(1.00844 0.0361812 0)
(1.01189 0.0429931 0)
(1.01598 0.0499313 0)
(1.02076 0.0570065 0)
(1.02627 0.064221 0)
(1.03256 0.071567 0)
(1.03969 0.079024 0)
(1.04771 0.0865565 0)
(1.05668 0.0941116 0)
(1.06665 0.101617 0)
(1.07767 0.108978 0)
(1.08978 0.116078 0)
(1.10299 0.122781 0)
(1.11727 0.12893 0)
(1.13282 0.134352 0)
(1.00004 0.00298111 0)
(1.0006 0.00892727 0)
(1.00175 0.0148773 0)
(1.0035 0.0208539 0)
(1.00584 0.0268782 0)
(1.00879 0.0329695 0)
(1.01237 0.0391436 0)
(1.01661 0.0454116 0)
(1.02153 0.0517786 0)
(1.02718 0.0582424 0)
(1.03359 0.064791 0)
(1.04081 0.0714018 0)
(1.04888 0.078039 0)
(1.05784 0.0846523 0)
(1.06772 0.0911749 0)
(1.07856 0.0975231 0)
(1.09038 0.103596 0)
(1.10315 0.109276 0)
(1.11686 0.114434 0)
(1.13169 0.118931 0)
(1.00004 0.00268267 0)
(1.00062 0.00803662 0)
(1.0018 0.0133942 0)
(1.00361 0.0187725 0)
(1.00602 0.0241873 0)
(1.00906 0.0296525 0)
(1.01274 0.0351788 0)
(1.01707 0.0407728 0)
(1.02209 0.0464356 0)
(1.02783 0.0521615 0)
(1.03432 0.0579367 0)
(1.04158 0.0637377 0)
(1.04964 0.0695302 0)
(1.05855 0.0752676 0)
(1.06831 0.0808901 0)
(1.07894 0.0863241 0)
(1.09044 0.0914826 0)
(1.10279 0.0962672 0)
(1.11595 0.100571 0)
(1.13011 0.104284 0)
(1.00004 0.00237685 0)
(1.00063 0.00712288 0)
(1.00184 0.0118723 0)
(1.00369 0.0166375 0)
(1.00616 0.02143 0)
(1.00925 0.0262594 0)
(1.01299 0.0311326 0)
(1.0174 0.0360528 0)
(1.02249 0.0410182 0)
(1.02828 0.0460213 0)
(1.0348 0.0510474 0)
(1.04206 0.0560739 0)
(1.05009 0.0610687 0)
(1.05891 0.0659899 0)
(1.06852 0.070785 0)
(1.07893 0.0753904 0)
(1.09013 0.0797324 0)
(1.10209 0.0837288 0)
(1.11475 0.0872922 0)
(1.12827 0.0903372 0)
(1.00004 0.00206582 0)
(1.00064 0.00619266 0)
(1.00187 0.0103225 0)
(1.00374 0.0144642 0)
(1.00625 0.0186258 0)
(1.00939 0.0228136 0)
(1.01317 0.0270317 0)
(1.01762 0.0312809 0)
(1.02275 0.0355577 0)
(1.02857 0.0398536 0)
(1.03509 0.0441545 0)
(1.04233 0.048439 0)
(1.05031 0.0526786 0)
(1.05903 0.0568365 0)
(1.06849 0.0608674 0)
(1.07868 0.0647175 0)
(1.08959 0.0683254 0)
(1.10118 0.0716233 0)
(1.11339 0.0745406 0)
(1.12635 0.0770111 0)
(1.00004 0.00175124 0)
(1.00064 0.0052511 0)
(1.00189 0.0087535 0)
(1.00378 0.0122647 0)
(1.00631 0.0157899 0)
(1.00948 0.0193332 0)
(1.01329 0.0228965 0)
(1.01777 0.026479 0)
(1.02291 0.0300766 0)
(1.02873 0.0336809 0)
(1.03525 0.0372785 0)
(1.04246 0.0408507 0)
(1.05037 0.0443726 0)
(1.05898 0.0478128 0)
(1.06829 0.0511335 0)
(1.07828 0.0542902 0)
(1.08892 0.0572324 0)
(1.10018 0.0599055 0)
(1.112 0.0622535 0)
(1.12446 0.0642251 0)
(1.00005 0.00143442 0)
(1.00065 0.00430222 0)
(1.0019 0.00717205 0)
(1.0038 0.0100482 0)
(1.00635 0.0129339 0)
(1.00953 0.0158315 0)
(1.01336 0.0187417 0)
(1.01785 0.0216629 0)
(1.023 0.0245908 0)
(1.02882 0.0275176 0)
(1.03531 0.0304317 0)
(1.04248 0.0333173 0)
(1.05032 0.0361536 0)
(1.05883 0.0389149 0)
(1.068 0.0415705 0)
(1.07781 0.0440847 0)
(1.08822 0.0464174 0)
(1.0992 0.0485255 0)
(1.11068 0.0503656 0)
(1.12273 0.051899 0)
(1.00005 0.00111628 0)
(1.00065 0.00334855 0)
(1.00191 0.00558284 0)
(1.00382 0.00782137 0)
(1.00637 0.010066 0)
(1.00956 0.0123181 0)
(1.0134 0.0145776 0)
(1.01789 0.0168427 0)
(1.02304 0.0191095 0)
(1.02885 0.0213714 0)
(1.03531 0.023619 0)
(1.04244 0.0258396 0)
(1.05022 0.028017 0)
(1.05864 0.030131 0)
(1.06769 0.0321579 0)
(1.07734 0.0340706 0)
(1.08756 0.0358386 0)
(1.0983 0.0374291 0)
(1.10951 0.0388101 0)
(1.12121 0.0399525 0)
(1.00005 0.000797408 0)
(1.00065 0.00239258 0)
(1.00191 0.00398879 0)
(1.00383 0.00558865 0)
(1.00638 0.00719179 0)
(1.00958 0.00879903 0)
(1.01342 0.0104103 0)
(1.01791 0.0120241 0)
(1.02305 0.0136372 0)
(1.02885 0.0152445 0)
(1.03529 0.0168393 0)
(1.04238 0.0184123 0)
(1.0501 0.0199516 0)
(1.05845 0.0214431 0)
(1.0674 0.0228699 0)
(1.07693 0.0242127 0)
(1.087 0.0254503 0)
(1.09756 0.0265595 0)
(1.10855 0.0275185 0)
(1.11999 0.0283062 0)
(1.00004 0.000481498 0)
(1.00065 0.00143813 0)
(1.00191 0.00239698 0)
(1.00383 0.00335713 0)
(1.00639 0.00431886 0)
(1.00958 0.00528255 0)
(1.01343 0.00624807 0)
(1.01791 0.00721444 0)
(1.02305 0.00817956 0)
(1.02883 0.00914037 0)
(1.03525 0.0100927 0)
(1.04231 0.0110308 0)
(1.04999 0.0119476 0)
(1.05829 0.0128346 0)
(1.06717 0.0136817 0)
(1.07661 0.0144774 0)
(1.08657 0.0152091 0)
(1.097 0.0158632 0)
(1.10785 0.0164275 0)
(1.1191 0.0168867 0)
(1.00004 0.000162387 0)
(1.00065 0.000481818 0)
(1.00191 0.000800318 0)
(1.00383 0.00112121 0)
(1.00639 0.00144209 0)
(1.00958 0.00176261 0)
(1.01342 0.00208397 0)
(1.01791 0.0024058 0)
(1.02304 0.00272691 0)
(1.02881 0.00304626 0)
(1.03522 0.00336263 0)
(1.04226 0.00367412 0)
(1.04992 0.00397829 0)
(1.05818 0.00427225 0)
(1.06702 0.00455266 0)
(1.0764 0.00481575 0)
(1.0863 0.00505732 0)
(1.09667 0.00527253 0)
(1.10743 0.00545748 0)
(1.11857 0.00560623 0)
(1.09423 0.324066 -4.19829e-22)
(1.1362 0.324591 -2.39433e-20)
(1.17741 0.318613 0)
(1.21682 0.306535 -7.67253e-21)
(1.25425 0.289268 0)
(1.28871 0.26745 8.97201e-21)
(1.31922 0.241639 -7.03695e-21)
(1.34499 0.212458 2.95356e-22)
(1.36529 0.180571 0)
(1.37941 0.146649 0)
(1.11221 0.297873 2.88214e-20)
(1.15039 0.296484 0)
(1.18634 0.289085 1.46279e-20)
(1.22052 0.277085 0)
(1.25318 0.261246 4.93768e-23)
(1.28343 0.241942 -2.09472e-21)
(1.31055 0.219566 1.64585e-21)
(1.33392 0.194584 3.18487e-22)
(1.35298 0.167485 -3.22062e-22)
(1.36714 0.138762 -1.58055e-21)
(1.12616 0.274012 -2.95146e-20)
(1.15982 0.270907 0)
(1.19105 0.262885 -1.45118e-20)
(1.22099 0.251463 -3.78039e-22)
(1.24984 0.237067 3.52503e-21)
(1.2768 0.219923 2.06083e-21)
(1.30126 0.200349 1.11701e-21)
(1.32276 0.17871 1.8402e-22)
(1.3408 0.155373 0)
(1.35491 0.130712 2.93024e-21)
(1.13637 0.251034 0)
(1.16587 0.246696 1.95136e-20)
(1.19327 0.238567 -3.74905e-22)
(1.21977 0.22791 5.98613e-22)
(1.24549 0.214902 -3.82643e-21)
(1.26972 0.199704 4.5807e-23)
(1.29198 0.182579 3.90214e-21)
(1.31188 0.163802 0)
(1.32899 0.143657 3.80422e-21)
(1.34292 0.122428 -1.48843e-21)
(1.14337 0.228832 -2.4698e-20)
(1.16925 0.22395 -8.75147e-23)
(1.19356 0.216097 -9.34514e-22)
(1.21728 0.206285 6.3722e-22)
(1.24043 0.194584 -2.45124e-22)
(1.26242 0.181128 6.40037e-23)
(1.28285 0.166131 -1.69775e-22)
(1.30139 0.149805 -1.70399e-21)
(1.31766 0.132371 -3.85253e-21)
(1.33133 0.114052 0)
(1.1477 0.207697 4.9221e-20)
(1.17057 0.202719 -3.89235e-20)
(1.19239 0.195343 -4.02405e-22)
(1.21386 0.186395 4.11221e-22)
(1.23492 0.175913 0)
(1.25507 0.164014 1.20387e-21)
(1.27399 0.15087 -7.32011e-23)
(1.29136 0.13665 2.20253e-21)
(1.30688 0.121529 -1.37742e-22)
(1.32024 0.105687 8.0185e-22)
(1.1499 0.187736 -2.44871e-20)
(1.17034 0.182918 2.01602e-20)
(1.19018 0.17612 -9.70773e-22)
(1.20983 0.168029 4.25836e-22)
(1.22918 0.158678 3.83262e-21)
(1.24782 0.148173 5.78942e-22)
(1.26547 0.136651 -1.04595e-22)
(1.28186 0.124251 0)
(1.29669 0.111117 -9.4795e-22)
(1.30972 0.0973949 -8.0485e-22)
(1.1505 0.168948 0)
(1.169 0.164433 0)
(1.18724 0.158257 0)
(1.20542 0.150996 6.45468e-21)
(1.22337 0.142691 -8.45069e-21)
(1.24078 0.133434 5.41314e-22)
(1.25737 0.123341 3.87621e-22)
(1.27291 0.112528 9.78989e-23)
(1.28714 0.101113 1.59927e-21)
(1.29982 0.0892199 0)
(1.14991 0.151283 -1.15415e-20)
(1.16688 0.147147 0)
(1.18385 0.141602 -4.49282e-22)
(1.20083 0.135131 -5.4229e-21)
(1.21765 0.127788 3.96131e-21)
(1.23404 0.119653 -2.39921e-21)
(1.24975 0.110826 -2.71475e-22)
(1.26456 0.101406 5.20495e-23)
(1.27823 0.0914927 -1.31097e-21)
(1.29057 0.0811894 0)
(1.14848 0.134667 2.32866e-20)
(1.16427 0.13094 0)
(1.18021 0.126012 -4.64319e-22)
(1.19623 0.120289 -5.86708e-21)
(1.21213 0.113829 -3.60415e-22)
(1.22767 0.106707 1.41738e-22)
(1.24264 0.0990094 7.05236e-22)
(1.25682 0.090821 -1.9209e-23)
(1.27 0.082229 5.4026e-22)
(1.282 0.0733199 -3.83214e-23)
(1.14651 0.119007 -1.13928e-20)
(1.16138 0.115698 2.37252e-22)
(1.17651 0.111361 -5.84676e-22)
(1.19174 0.106337 7.14329e-21)
(1.20688 0.10069 -3.7844e-22)
(1.22172 0.0944867 0)
(1.23607 0.0878036 2.232e-22)
(1.24971 0.0807146 -2.6086e-22)
(1.26245 0.0732953 2.16365e-22)
(1.27412 0.0656193 0)
(1.14421 0.104208 -3.40774e-22)
(1.15838 0.101308 9.32376e-22)
(1.17286 0.0975323 -1.08515e-21)
(1.18747 0.0931618 8.87555e-22)
(1.20199 0.0882627 -3.94643e-22)
(1.21626 0.0828977 -1.94351e-22)
(1.23007 0.0771327 -8.17707e-22)
(1.24324 0.0710333 2.39836e-22)
(1.25559 0.0646646 -3.04282e-22)
(1.26695 0.0580896 0)
(1.14178 0.0901712 0)
(1.15543 0.0876665 -1.03317e-20)
(1.16939 0.0844179 0)
(1.18349 0.080658 3.68324e-21)
(1.19751 0.0764517 0)
(1.2113 0.0718561 0)
(1.22466 0.0669293 6.1524e-23)
(1.23742 0.0617285 -6.1692e-23)
(1.24941 0.0563103 9.1278e-23)
(1.26048 0.0507277 0)
(1.13937 0.0768001 1.14326e-20)
(1.15262 0.0746726 1.0811e-20)
(1.16619 0.0719201 0)
(1.17987 0.0687323 4.75775e-22)
(1.19349 0.0651708 -3.44874e-21)
(1.20687 0.0612874 -2.33719e-22)
(1.21986 0.0571326 -5.48164e-22)
(1.23226 0.0527562 -2.89444e-23)
(1.24393 0.0482065 -2.34989e-23)
(1.25472 0.043528 0)
(1.13709 0.0640017 -1.78497e-20)
(1.15006 0.0622333 -5.2813e-21)
(1.16331 0.0599484 -5.24336e-22)
(1.17667 0.0572994 -2.84599e-21)
(1.18996 0.0543429 5.73175e-21)
(1.20301 0.0511249 0)
(1.21567 0.0476881 8.66142e-22)
(1.22777 0.0440762 -8.05335e-23)
(1.23915 0.0403284 5.26271e-23)
(1.24968 0.0364825 -1.51118e-23)
(1.13504 0.0516863 5.99322e-21)
(1.14781 0.0502602 5.95696e-21)
(1.16083 0.048419 3.47485e-21)
(1.17394 0.0462811 5.32551e-22)
(1.18695 0.0438979 -3.13571e-21)
(1.19973 0.0413072 0)
(1.21211 0.0385467 8.87733e-22)
(1.22394 0.0356502 -3.23112e-22)
(1.23506 0.0326525 4.64328e-23)
(1.24535 0.0295809 1.51542e-23)
(1.13329 0.0397669 6.01138e-21)
(1.14593 0.0386694 0)
(1.15878 0.0372524 -5.20557e-21)
(1.17169 0.0356052 2.96786e-21)
(1.1845 0.0337702 -4.48285e-22)
(1.19705 0.0317794 2.71054e-22)
(1.20919 0.0296612 -1.06874e-21)
(1.22078 0.0274445 -1.64521e-22)
(1.23166 0.0251543 5.25064e-23)
(1.24174 0.0228128 0)
(1.1319 0.0281602 -2.67611e-21)
(1.14446 0.0273811 2.73203e-22)
(1.1572 0.0263753 -6.324e-22)
(1.16997 0.0252038 4.60836e-22)
(1.1826 0.0239006 -4.5352e-22)
(1.19497 0.022489 6.44524e-22)
(1.20691 0.0209899 0)
(1.21828 0.0194249 2.97483e-22)
(1.22896 0.0178113 -7.8211e-23)
(1.23883 0.0161651 1.65116e-24)
(1.13091 0.0167908 -3.04004e-21)
(1.14344 0.0163229 6.36361e-22)
(1.15611 0.0157199 -1.47975e-25)
(1.16878 0.0150162 -1.46215e-21)
(1.18129 0.0142348 -4.12955e-22)
(1.19349 0.0133895 -1.25481e-21)
(1.20526 0.0124948 3.81115e-22)
(1.21645 0.011562 -1.96483e-23)
(1.22694 0.010604 7.83666e-23)
(1.23662 0.00962709 -1.65523e-24)
(1.13034 0.00555441 0)
(1.1429 0.00539414 0)
(1.15554 0.00518945 -1.2726e-21)
(1.16814 0.00495308 3.98106e-22)
(1.18056 0.00469358 3.01224e-22)
(1.19264 0.0044148 2.37607e-22)
(1.20427 0.00411998 7.48004e-23)
(1.2153 0.00381466 -1.8135e-22)
(1.22562 0.00350087 4.69406e-23)
(1.23513 0.00318177 0)
)
;

boundaryField
{
    down
    {
        type            symmetryPlane;
    }
    right
    {
        type            zeroGradient;
    }
    up
    {
        type            symmetryPlane;
    }
    left
    {
        type            uniformFixedValue;
        uniformValue    constant (1 0 0);
        value           uniform (1 0 0);
    }
    cylinder
    {
        type            slip;
    }
    defaultFaces
    {
        type            empty;
    }
}


// ************************************************************************* //
